3,1,128.85,147.48,62.92,191.02,1,-1,-1,-1
3,2,14.93,140.29,68.64,207.93,1,-1,-1,-1
4,1,130.98,143.67,64.18,194.82,1,-1,-1,-1
4,2,15.71,136.53,72.43,219.38,1,-1,-1,-1
5,1,142.7,153.14,61.4,186.4,1,-1,-1,-1
5,2,25.21,138.85,70.09,212.3,1,-1,-1,-1
6,1,146.72,156.84,60.28,182.99,1,-1,-1,-1
6,2,30.06,136.25,72.71,220.23,1,-1,-1,-1
7,1,156.41,158.14,59.88,181.75,1,-1,-1,-1
7,2,31.63,135.37,73.59,222.89,1,-1,-1,-1
8,1,156.62,145.92,65.89,199.96,1,-1,-1,-1
8,2,33.52,130.77,77.48,234.67,1,-1,-1,-1
9,1,167.44,153.6,62.18,188.7,1,-1,-1,-1
9,2,44.7,129.1,78.89,238.92,1,-1,-1,-1
10,1,170.9,155.74,63.5,192.7,1,-1,-1,-1
10,2,48.9,128.53,79.38,240.37,1,-1,-1,-1
11,1,180.65,156.51,63.97,194.1,1,-1,-1,-1
11,2,50.34,128.37,79.51,240.75,1,-1,-1,-1
12,1,182.3,142.49,70.47,213.79,1,-1,-1,-1
12,2,61.28,128.37,79.51,240.74,1,-1,-1,-1
13,1,192.97,149.34,69.72,211.47,1,-1,-1,-1
13,2,65.29,128.42,79.47,240.6,1,-1,-1,-1
14,1,205.45,154.05,66.3,201.11,1,-1,-1,-1
14,2,77.19,128.48,79.42,240.43,1,-1,-1,-1
15,1,210.05,137.23,74.87,227.04,1,-1,-1,-1
15,2,81.53,128.54,79.37,240.26,1,-1,-1,-1
16,1,221.11,147.17,71.45,216.67,1,-1,-1,-1
16,2,86.77,123.34,83.08,251.48,1,-1,-1,-1
17,1,225.26,151.53,69.9,211.92,1,-1,-1,-1
17,2,88.61,121.41,84.46,255.63,1,-1,-1,-1
18,1,227.28,150.6,72.56,219.95,1,-1,-1,-1
18,2,93.13,114.36,88.94,269.14,1,-1,-1,-1
19,1,227.97,136.45,76.97,233.3,1,-1,-1,-1
19,2,94.74,111.7,90.63,274.22,1,-1,-1,-1
20,1,227.42,125.94,82.3,249.38,1,-1,-1,-1
20,2,83.3,110.73,91.24,276.05,1,-1,-1,-1
21,1,227.05,121.85,84.37,255.6,1,-1,-1,-1
21,2,82.11,102.77,95.68,289.44,1,-1,-1,-1
22,1,225.18,114.07,89.04,269.7,1,-1,-1,-1
22,2,81.59,99.78,97.35,294.45,1,-1,-1,-1
23,1,224.35,111.11,90.83,275.07,1,-1,-1,-1
23,2,81.27,98.7,97.96,296.24,1,-1,-1,-1
24,1,235.61,110.05,91.48,276.98,1,-1,-1,-1
24,2,77.63,106.01,93.89,283.92,1,-1,-1,-1
25,1,238.28,102.17,95.88,290.24,1,-1,-1,-1
25,2,72.41,95.92,106.18,321.03,1,-1,-1,-1
26,1,239.22,99.2,97.55,295.22,1,-1,-1,-1
26,2,70.56,92.28,110.61,334.35,1,-1,-1,-1
27,1,236.78,102.69,102.64,310.56,1,-1,-1,-1
27,2,66.85,100.45,107.56,325.11,1,-1,-1,-1
28,1,235.75,104.12,104.58,316.37,1,-1,-1,-1
28,2,68.29,94.09,111.11,335.77,1,-1,-1,-1
29,1,241.83,83.8,115.25,348.55,1,-1,-1,-1
29,2,56.39,80.32,117.6,355.33,1,-1,-1,-1
30,1,248.09,87.09,114.32,345.67,1,-1,-1,-1
30,2,54,61.84,125.57,379.34,1,-1,-1,-1
31,1,250.51,88.7,113.76,343.92,1,-1,-1,-1
31,2,53.06,54.62,128.67,388.64,1,-1,-1,-1
32,1,247.22,77.98,118.67,358.68,1,-1,-1,-1
32,2,52.72,68.44,129.81,392.04,1,-1,-1,-1
33,1,261.36,73.95,120.51,364.17,1,-1,-1,-1
33,2,65.94,70.74,124.61,376.27,1,-1,-1,-1
34,1,269.91,83.9,115.97,350.4,1,-1,-1,-1
34,2,74.66,75.24,128.09,386.73,1,-1,-1,-1
35,1,282.58,79.81,125.02,377.67,1,-1,-1,-1
35,2,77.88,76.95,129.36,390.51,1,-1,-1,-1
36,1,290.44,90.39,122.86,371.1,1,-1,-1,-1
36,2,79.1,77.7,129.77,391.73,1,-1,-1,-1
37,1,290.03,82.47,127.47,384.96,1,-1,-1,-1
37,2,83.17,63.56,135.9,410.16,1,-1,-1,-1
38,1,289.76,79.5,129.18,390.07,1,-1,-1,-1
38,2,84.69,58.22,138.19,417.04,1,-1,-1,-1
39,1,302.74,64.03,135.76,409.87,1,-1,-1,-1
39,2,69.83,39.52,145.43,438.83,1,-1,-1,-1
40,1,307.63,58.14,138.24,417.32,1,-1,-1,-1
40,2,79.27,48.88,141.83,427.92,1,-1,-1,-1
41,1,309.36,55.93,139.13,419.94,1,-1,-1,-1
41,2,70.31,37.41,153.7,463.66,1,-1,-1,-1
42,1,309.84,55.2,139.39,420.66,1,-1,-1,-1
42,2,64.26,31.81,151.35,456.54,1,-1,-1,-1
43,1,309.84,55.05,139.4,420.65,1,-1,-1,-1
43,2,61.78,29.76,150.22,453.06,1,-1,-1,-1
44,1,304.58,57.72,145.81,439.94,1,-1,-1,-1
44,2,61,25.85,152.52,460.02,1,-1,-1,-1
45,1,307.6,55.33,148.34,447.56,1,-1,-1,-1
45,2,60.64,28.77,149.73,451.56,1,-1,-1,-1
46,1,294.28,37.8,156.88,473.27,1,-1,-1,-1
46,2,59.9,25.51,151.56,457.07,1,-1,-1,-1
47,1,291.43,33.35,159.22,480.24,1,-1,-1,-1
48,1,292.55,29.51,162.23,489.32,1,-1,-1,-1
51,1,317.68,30.97,160.52,484.09,1,-1,-1,-1
52,1,320.92,31.51,160.03,482.57,1,-1,-1,-1
53,1,323.86,29.04,161.92,488.25,1,-1,-1,-1
54,12,130.96,26.99,128.96,388.88,1,-1,-1,-1
55,12,130.96,26.99,128.96,388.88,1,-1,-1,-1
56,12,130.96,26.99,128.96,388.88,1,-1,-1,-1
57,12,130.96,26.99,128.96,388.88,1,-1,-1,-1
58,12,130.96,26.99,128.96,388.88,1,-1,-1,-1
59,12,130.96,26.99,128.96,388.88,1,-1,-1,-1
60,12,130.96,26.99,128.96,388.88,1,-1,-1,-1
61,12,130.96,26.99,128.96,388.88,1,-1,-1,-1
62,12,130.96,26.99,128.96,388.88,1,-1,-1,-1
63,12,130.96,26.99,128.96,388.88,1,-1,-1,-1
64,12,130.96,26.99,128.96,388.88,1,-1,-1,-1
65,12,130.96,26.99,128.96,388.88,1,-1,-1,-1
66,12,130.96,26.99,128.96,388.88,1,-1,-1,-1
67,12,130.96,26.99,128.96,388.88,1,-1,-1,-1
68,12,130.96,26.99,128.96,388.88,1,-1,-1,-1
69,12,130.96,26.99,128.96,388.88,1,-1,-1,-1
70,12,130.96,26.99,128.96,388.88,1,-1,-1,-1
71,12,124.02,9.79,141.7,427.26,1,-1,-1,-1
72,12,121.47,3.49,146.37,441.32,1,-1,-1,-1
73,12,120.48,1.04,148.19,446.78,1,-1,-1,-1
74,12,132.99,0.17,142.38,429.27,1,-1,-1,-1
75,12,124.8,-0.04,146.6,441.98,1,-1,-1,-1
76,12,134.68,-0.08,141.67,427.1,1,-1,-1,-1
77,12,125.42,0.02,146.27,440.95,1,-1,-1,-1
78,12,122.01,0.09,147.95,445.99,1,-1,-1,-1
79,12,120.71,0.18,148.56,447.81,1,-1,-1,-1
80,12,120.24,0.27,148.75,448.37,1,-1,-1,-1
81,12,120.09,0.35,148.78,448.45,1,-1,-1,-1
82,12,120.06,0.43,148.75,448.37,1,-1,-1,-1
83,12,120.08,0.49,148.71,448.23,1,-1,-1,-1
84,12,133.17,18.89,142.11,428.34,1,-1,-1,-1
85,12,131.96,24.74,133.31,401.82,1,-1,-1,-1
86,12,131.46,26.84,130.05,392.01,1,-1,-1,-1
87,12,131.27,27.53,128.92,388.61,1,-1,-1,-1
88,12,131.18,27.72,128.55,387.52,1,-1,-1,-1
89,12,131.13,27.72,128.46,387.27,1,-1,-1,-1
90,12,131.1,27.67,128.47,387.31,1,-1,-1,-1
91,12,131.08,27.59,128.51,387.45,1,-1,-1,-1
92,12,131.3,28.59,127.72,385.06,1,-1,-1,-1
95,12,121.7,4.3,145.76,439.42,1,-1,-1,-1
96,12,137.57,17.36,129.61,390.76,1,-1,-1,-1
97,12,143.9,22.64,123.14,371.27,1,-1,-1,-1
98,12,146.09,24.5,120.89,364.5,1,-1,-1,-1
99,12,142.67,27.58,132.2,398.59,1,-1,-1,-1
100,12,141.45,10.73,136.23,410.74,1,-1,-1,-1
101,12,140.92,3.99,137.82,415.51,1,-1,-1,-1
102,12,140.69,1.43,138.4,417.28,1,-1,-1,-1
103,12,140.58,0.51,138.6,417.86,1,-1,-1,-1
104,12,140.53,0.23,138.64,417.98,1,-1,-1,-1
105,12,140.49,18.48,138.63,417.95,1,-1,-1,-1
106,12,140.46,25.47,138.61,417.86,1,-1,-1,-1
107,12,140.44,28.09,138.57,417.76,1,-1,-1,-1
108,12,140.42,29.05,138.54,417.66,1,-1,-1,-1
109,12,140.41,29.36,138.51,417.57,1,-1,-1,-1
110,12,140.39,29.43,138.49,417.49,1,-1,-1,-1
111,12,140.38,29.41,138.46,417.41,1,-1,-1,-1
112,12,140.37,29.36,138.44,417.35,1,-1,-1,-1
113,12,140.36,29.31,138.43,417.29,1,-1,-1,-1
114,12,140.35,29.26,138.41,417.24,1,-1,-1,-1
115,12,140.35,29.21,138.39,417.2,1,-1,-1,-1
116,12,140.34,29.17,138.38,417.16,1,-1,-1,-1
117,12,140.33,29.14,138.37,417.12,1,-1,-1,-1
118,12,140.33,29.1,138.36,417.09,1,-1,-1,-1
119,12,151.32,27.84,132.22,398.58,1,-1,-1,-1
120,12,144.31,28.59,136.11,410.32,1,-1,-1,-1
121,12,148.36,10.54,144.07,434.29,1,-1,-1,-1
122,12,149.88,3.74,147.07,443.32,1,-1,-1,-1
123,12,150.7,1.42,148.14,446.56,1,-1,-1,-1
135,12,140.78,27.52,138.84,418.52,1,-1,-1,-1
136,12,140.31,28.77,138.36,417.07,1,-1,-1,-1
137,12,140.16,29.17,138.21,416.62,1,-1,-1,-1
138,12,140.12,29.28,138.17,416.49,1,-1,-1,-1
139,12,140.13,29.28,138.16,416.48,1,-1,-1,-1
140,12,140.14,29.24,138.17,416.5,1,-1,-1,-1
141,12,151.24,27.96,131.99,397.9,1,-1,-1,-1
142,12,155.47,27.43,129.66,390.88,1,-1,-1,-1
143,12,145.73,28.49,135.12,407.32,1,-1,-1,-1
144,12,153.14,27.64,130.99,394.9,1,-1,-1,-1
145,12,156.01,27.28,129.41,390.13,1,-1,-1,-1
146,12,145.88,28.39,135.07,407.2,1,-1,-1,-1
147,12,153.06,27.57,131.07,395.15,1,-1,-1,-1
148,12,144.75,28.48,135.72,409.16,1,-1,-1,-1
149,12,152.61,27.59,131.34,395.97,1,-1,-1,-1
150,12,144.56,28.48,135.84,409.53,1,-1,-1,-1
151,12,141.63,28.8,137.48,414.48,1,-1,-1,-1
152,12,151.43,27.69,132.02,398.01,1,-1,-1,-1
153,12,155.26,27.25,129.89,391.59,1,-1,-1,-1
154,12,156.65,27.08,129.11,389.27,1,-1,-1,-1
155,12,157.14,27.02,128.84,388.47,1,-1,-1,-1
156,12,146.23,28.24,134.94,406.82,1,-1,-1,-1
157,12,142.18,28.69,137.19,413.63,1,-1,-1,-1
158,12,140.64,28.86,138.06,416.23,1,-1,-1,-1
159,12,140.08,28.91,138.38,417.18,1,-1,-1,-1
160,12,139.9,28.93,138.48,417.48,1,-1,-1,-1
161,12,150.81,27.7,132.39,399.13,1,-1,-1,-1
162,12,143.89,28.48,136.25,410.78,1,-1,-1,-1
163,12,147.96,10.49,144.18,434.66,1,-1,-1,-1
164,12,149.5,3.7,147.18,443.67,1,-1,-1,-1
165,12,143.6,1.1,141.85,427.61,1,-1,-1,-1
166,12,133.81,0.22,153.37,462.32,1,-1,-1,-1
167,12,124.78,-0.1,150.73,454.34,1,-1,-1,-1
168,12,121.21,-0.09,149.56,450.8,1,-1,-1,-1
169,12,119.93,-0.01,149.07,449.31,1,-1,-1,-1
170,12,125.18,0.08,155.86,469.76,1,-1,-1,-1
171,12,121.63,0.15,151.49,456.59,1,-1,-1,-1
172,12,120.3,0.26,149.68,451.1,1,-1,-1,-1
173,12,119.86,0.35,148.96,448.95,1,-1,-1,-1
174,12,119.75,0.43,148.67,448.07,1,-1,-1,-1
175,12,125.43,0.49,155.6,468.92,1,-1,-1,-1
176,12,124.9,-0.31,156.72,472.3,1,-1,-1,-1
178,12,120.99,0.52,150.04,452.16,1,-1,-1,-1
179,12,120.19,-0.06,150.31,452.98,1,-1,-1,-1
180,12,143.96,0.67,148.75,448.28,1,-1,-1,-1
181,12,128.5,0.75,148.46,447.4,1,-1,-1,-1
182,12,123.09,0.79,148.36,447.08,1,-1,-1,-1
183,12,121.08,0.81,148.32,446.96,1,-1,-1,-1
184,12,140.12,0.84,148.3,446.92,1,-1,-1,-1
185,12,127.55,0.86,148.3,446.89,1,-1,-1,-1
186,12,122.77,0.87,148.29,446.89,1,-1,-1,-1
187,12,120.98,0.89,148.29,446.88,1,-1,-1,-1
188,12,120.33,0.9,148.29,446.88,1,-1,-1,-1
189,12,120.12,0.91,148.29,446.87,1,-1,-1,-1
190,12,120.07,0.92,148.29,446.87,1,-1,-1,-1
191,12,120.08,0.93,148.29,446.87,1,-1,-1,-1
192,12,120.11,0.94,148.29,446.87,1,-1,-1,-1
193,12,120.14,0.95,148.29,446.87,1,-1,-1,-1
194,12,120.18,0.95,148.29,446.87,1,-1,-1,-1
195,12,120.2,0.96,148.29,446.87,1,-1,-1,-1
196,12,120.23,0.96,148.29,446.87,1,-1,-1,-1
197,12,120.25,0.97,148.29,446.87,1,-1,-1,-1
198,12,120.28,0.97,148.29,446.86,1,-1,-1,-1
199,12,120.29,0.98,148.29,446.86,1,-1,-1,-1
200,12,120.31,0.98,148.29,446.86,1,-1,-1,-1
201,12,120.32,0.98,148.29,446.86,1,-1,-1,-1
202,12,120.34,0.98,148.29,446.86,1,-1,-1,-1
203,12,131.09,15.94,124.49,375.2,1,-1,-1,-1
204,12,118.14,25.58,133.54,402.48,1,-1,-1,-1
205,12,126.32,27.42,130.18,392.38,1,-1,-1,-1
206,12,117.07,29.22,135.2,407.51,1,-1,-1,-1
207,12,113.72,29.82,137.05,413.07,1,-1,-1,-1
208,12,112.48,29.95,137.77,415.27,1,-1,-1,-1
209,12,124.27,28.68,131.93,397.66,1,-1,-1,-1
210,12,139.31,26.91,123.86,373.38,1,-1,-1,-1
211,12,144.83,26.17,120.93,364.56,1,-1,-1,-1
212,12,146.73,42.31,119.94,361.6,1,-1,-1,-1
213,12,156,45.93,114.19,344.3,1,-1,-1,-1
214,12,159.31,47.1,112.15,338.17,1,-1,-1,-1
215,12,168.12,49.62,116.99,352.77,1,-1,-1,-1
216,12,171.2,50.47,118.75,358.1,1,-1,-1,-1
217,12,164.66,48.53,114.12,344.15,1,-1,-1,-1
218,12,169.63,49.83,117.85,355.42,1,-1,-1,-1
219,12,178.77,63.04,113.88,343.46,1,-1,-1,-1
220,12,182.13,68.02,112.39,338.98,1,-1,-1,-1
221,12,183.23,69.72,111.88,337.46,1,-1,-1,-1
222,12,194.14,77.51,101.99,307.68,1,-1,-1,-1
223,12,198.06,80.25,98.3,296.58,1,-1,-1,-1
224,12,202.83,90.06,92.58,279.38,1,-1,-1,-1
225,12,204.32,93.39,90.65,273.58,1,-1,-1,-1
226,12,218.95,101.94,85.86,259.17,1,-1,-1,-1
227,12,224,104.79,84.27,254.42,1,-1,-1,-1
228,12,225.58,105.61,83.82,253.08,1,-1,-1,-1
228,24,323.79,37.64,154.96,466.83,1,-1,-1,-1
229,12,244.86,111.55,72.83,219.98,1,-1,-1,-1
229,24,331.6,50.64,143.65,432.78,1,-1,-1,-1
230,12,243.94,102.3,76.34,230.62,1,-1,-1,-1
230,24,334.66,55.72,139.23,419.46,1,-1,-1,-1
231,12,253.05,105.2,73.79,222.95,1,-1,-1,-1
231,24,335.54,57.2,137.94,415.6,1,-1,-1,-1
232,12,256.1,106.15,72.99,220.56,1,-1,-1,-1
232,24,335.77,57.56,137.62,414.64,1,-1,-1,-1
233,12,258.49,111.52,76.42,230.97,1,-1,-1,-1
233,24,335.78,57.58,137.6,414.59,1,-1,-1,-1
234,12,260.07,107.33,81.47,246.23,1,-1,-1,-1
234,24,356.12,72.84,131.26,395.52,1,-1,-1,-1
235,12,267.98,106.75,76.2,230.33,1,-1,-1,-1
235,24,363.48,78.31,129.04,388.83,1,-1,-1,-1
236,12,280.91,106.38,74.14,224.14,1,-1,-1,-1
236,24,364.71,64.75,134.73,406.01,1,-1,-1,-1
237,12,291.34,110.89,70.08,211.91,1,-1,-1,-1
237,24,383.54,74.73,130.59,393.53,1,-1,-1,-1
238,12,299.02,107.72,72.06,217.92,1,-1,-1,-1
238,24,390.49,78.46,129.06,388.95,1,-1,-1,-1
239,12,306.83,111.21,69.46,210.09,1,-1,-1,-1
239,24,407.89,92.57,122.7,369.82,1,-1,-1,-1
240,12,309.4,112.47,68.53,207.32,1,-1,-1,-1
240,24,416.47,84.59,126.37,380.89,1,-1,-1,-1
241,12,313.77,116.61,65.12,197.02,1,-1,-1,-1
241,24,419.34,81.73,127.68,384.86,1,-1,-1,-1
242,12,315.05,118.07,63.92,193.43,1,-1,-1,-1
242,24,433.84,93.21,122.46,369.15,1,-1,-1,-1
243,12,315.3,118.53,63.54,192.32,1,-1,-1,-1
243,24,442.56,84.56,126.4,381.05,1,-1,-1,-1
244,12,316.3,110.21,69.94,211.68,1,-1,-1,-1
244,24,450.74,86.21,125.56,378.51,1,-1,-1,-1
245,12,323.99,115.3,66.01,199.83,1,-1,-1,-1
246,12,326.77,117.36,64.44,195.1,1,-1,-1,-1
247,12,327.62,118.07,63.9,193.47,1,-1,-1,-1
248,12,315.4,114.59,66.82,202.35,1,-1,-1,-1
249,12,316.66,119.75,62.04,187.9,1,-1,-1,-1
249,24,477.11,91.7,112.82,340.15,1,-1,-1,-1
250,12,320.5,115.05,66.28,200.72,1,-1,-1,-1
250,24,484,93.1,111.22,335.33,1,-1,-1,-1
250,31,409,169.13,39,119,1,-1,-1,-1
251,12,324.78,117.04,64.72,196.03,1,-1,-1,-1
251,31,411.74,165.49,41.16,125.57,1,-1,-1,-1
251,32,148.1,30.42,146.05,440.25,1,-1,-1,-1
252,12,327.97,120.67,61.24,185.52,1,-1,-1,-1
252,31,415.78,167.92,39.82,121.51,1,-1,-1,-1
252,32,150.58,30.91,148.51,447.65,1,-1,-1,-1
253,12,337.19,131.85,57.22,173.38,1,-1,-1,-1
253,31,417.16,168.81,39.29,119.87,1,-1,-1,-1
253,32,151.21,31.04,149.14,449.54,1,-1,-1,-1
254,12,340.5,134.23,58.57,177.47,1,-1,-1,-1
254,31,415.84,167.28,43.22,131.84,1,-1,-1,-1
254,32,153.57,31.51,151.48,456.6,1,-1,-1,-1
255,12,341.6,135.02,59.04,178.93,1,-1,-1,-1
255,31,415.38,166.75,44.57,135.96,1,-1,-1,-1
255,32,188.91,52.34,141.04,425.14,1,-1,-1,-1
256,12,341.79,136.82,56.56,171.46,1,-1,-1,-1
256,31,413.82,170.54,43.06,131.35,1,-1,-1,-1
256,32,196.34,56.65,139.06,419.18,1,-1,-1,-1
257,12,349.37,137.39,55.66,168.74,1,-1,-1,-1
257,31,414.34,171.08,43.62,133.03,1,-1,-1,-1
257,32,198.63,57.99,138.43,417.28,1,-1,-1,-1
257,36,91.07,136.54,55.59,168.91,1,-1,-1,-1
258,12,344.45,135.92,58.08,176.08,1,-1,-1,-1
258,32,188.33,40.67,145.01,437.1,1,-1,-1,-1
258,36,67.82,134.37,58.73,178.43,1,-1,-1,-1
259,12,342.55,136.93,56.31,170.74,1,-1,-1,-1
259,32,184.45,34.34,147.39,444.27,1,-1,-1,-1
259,36,56.96,132.17,60.23,182.98,1,-1,-1,-1
260,12,338.27,130.25,64.36,195.13,1,-1,-1,-1
260,32,170.09,33.31,155.34,468.21,1,-1,-1,-1
260,38,389.8,126.56,77.65,235.37,1,-1,-1,-1
261,12,332.85,141.65,58.99,178.88,1,-1,-1,-1
261,32,157.64,31.54,151.38,456.25,1,-1,-1,-1
261,38,372.71,128.45,79.44,240.77,1,-1,-1,-1
262,12,333.26,143.13,58.81,178.34,1,-1,-1,-1
262,32,152.63,30.87,149.69,451.17,1,-1,-1,-1
262,38,349.34,123.47,83.89,254.21,1,-1,-1,-1
263,32,130.95,30.64,149.02,449.14,1,-1,-1,-1
263,38,329.72,121.66,85.38,258.7,1,-1,-1,-1
264,32,122.87,30.58,148.74,448.29,1,-1,-1,-1
264,38,311.44,120.99,85.78,259.89,1,-1,-1,-1
265,32,119.02,30.05,149.29,449.94,1,-1,-1,-1
265,38,283.24,106.35,94.26,285.52,1,-1,-1,-1
266,38,272.04,114.76,89.28,270.4,1,-1,-1,-1
266,40,370.29,159.34,51.78,157.34,1,-1,-1,-1
267,12,318.8,139.04,52.27,158.54,1,-1,-1,-1
267,32,209.24,62.69,118.18,356.21,1,-1,-1,-1
267,38,269.74,111.97,91.01,275.59,1,-1,-1,-1
267,40,361.91,151.28,51.78,157.34,1,-1,-1,-1
268,12,317.68,138.59,51.79,157.11,1,-1,-1,-1
268,32,215.4,65.61,115.43,347.93,1,-1,-1,-1
268,38,254.98,110.4,93.25,282.37,1,-1,-1,-1
268,40,354.02,138.08,57.5,174.71,1,-1,-1,-1
269,12,317.33,131.31,51.62,156.64,1,-1,-1,-1
269,40,350.8,135.35,56.67,172.19,1,-1,-1,-1
270,12,309.71,111.98,54.1,164.17,1,-1,-1,-1
270,40,342.16,119.15,56.22,170.81,1,-1,-1,-1
271,12,307.92,109.01,53.91,163.59,1,-1,-1,-1
271,40,331.05,94.19,58.75,178.47,1,-1,-1,-1
272,40,316.91,54.92,62.5,189.83,1,-1,-1,-1
273,40,311.72,40.28,63.9,194.06,1,-1,-1,-1
274,40,306.46,46.04,67.39,204.63,1,-1,-1,-1
275,40,295.69,57.57,68.71,208.58,1,-1,-1,-1
275,41,267.5,98.34,44.95,136.84,1,-1,-1,-1
276,40,288.31,48.15,70.36,213.58,1,-1,-1,-1
276,41,267.5,124.43,44.95,136.84,1,-1,-1,-1
277,32,59.86,29.78,137.6,414.75,1,-1,-1,-1
277,41,267.5,139.57,44.95,136.84,1,-1,-1,-1
278,32,53.93,28.47,138.38,417.11,1,-1,-1,-1
278,40,267.09,97.88,69.41,210.67,1,-1,-1,-1
279,32,35.58,29.32,145.03,437.14,1,-1,-1,-1
279,40,254.11,116.32,69.21,210.01,1,-1,-1,-1
280,32,9.72,29.7,147.58,444.82,1,-1,-1,-1
280,40,253.14,176.2,55.85,169.51,1,-1,-1,-1
281,32,-2.14,28.2,149.04,449.22,1,-1,-1,-1
281,40,245.46,181.48,55.46,168.34,1,-1,-1,-1
283,48,263.6,148.92,50.46,153.33,1,-1,-1,-1
283,49,141.99,100.46,94.6,286.04,1,-1,-1,-1
284,48,273.64,157.1,49.17,149.42,1,-1,-1,-1
284,49,143.11,107.84,93.05,281.34,1,-1,-1,-1
285,48,283.96,152.3,51.19,155.56,1,-1,-1,-1
285,49,152.36,102.16,96.83,292.75,1,-1,-1,-1
286,48,301.46,157.48,49.39,150.09,1,-1,-1,-1
286,49,161.16,108.36,93.5,282.68,1,-1,-1,-1
287,48,310.09,160.61,49.6,150.74,1,-1,-1,-1
287,49,172.96,102.45,96.65,292.2,1,-1,-1,-1
288,49,177.12,100.36,97.73,295.43,1,-1,-1,-1
289,49,181.15,94.23,107.8,325.84,1,-1,-1,-1
289,50,411.68,56.38,138.54,417.91,1,-1,-1,-1
289,51,286.48,182.58,39.61,120.59,1,-1,-1,-1
290,12,147.43,157.87,59.55,180.69,1,-1,-1,-1
290,49,197.12,91.99,111.5,336.99,1,-1,-1,-1
290,50,439.77,55.8,139.16,419.75,1,-1,-1,-1
290,51,282.88,154.92,55.09,167.72,1,-1,-1,-1
290,52,379.02,62.63,101.69,307.15,1,-1,-1,-1
291,12,151.96,159.14,59.69,181.1,1,-1,-1,-1
291,32,23.38,55.13,139.23,419.65,1,-1,-1,-1
291,49,203.46,91.15,112.86,341.06,1,-1,-1,-1
291,50,454.29,53.46,141.63,427.21,1,-1,-1,-1
291,51,294.9,145.41,62.32,189.69,1,-1,-1,-1
291,52,389.21,64.71,105.13,317.55,1,-1,-1,-1
292,12,144.98,161.3,59.94,181.88,1,-1,-1,-1
292,32,28.13,37.76,145.78,439.4,1,-1,-1,-1
292,49,215.29,79.35,118.52,358.1,1,-1,-1,-1
292,51,318.04,158.14,57.58,175.23,1,-1,-1,-1
292,52,411.3,52.04,118.42,357.66,1,-1,-1,-1
293,32,29.3,32.98,147.61,444.9,1,-1,-1,-1
293,49,219.72,74.85,120.63,364.44,1,-1,-1,-1
293,51,336.01,157.08,60.06,182.76,1,-1,-1,-1
293,52,419.38,34.44,127.38,384.67,1,-1,-1,-1
294,32,46.86,48.25,141.71,427.12,1,-1,-1,-1
294,49,236.89,73.17,121.35,366.56,1,-1,-1,-1
294,51,350.31,156.76,60.92,185.32,1,-1,-1,-1
294,52,439.05,27.91,130.56,394.25,1,-1,-1,-1
295,32,56.44,36.8,146.1,440.34,1,-1,-1,-1
295,49,237.87,59.17,127.13,383.95,1,-1,-1,-1
295,51,363.4,156.81,61.1,185.83,1,-1,-1,-1
295,52,450.19,8.56,144.06,434.96,1,-1,-1,-1
296,32,75.59,49.68,141.13,425.36,1,-1,-1,-1
296,49,241.3,39.73,141.57,427.47,1,-1,-1,-1
296,51,375.98,156.99,61.03,185.58,1,-1,-1,-1
296,52,463.27,1.61,151.08,456.17,1,-1,-1,-1
297,32,82.89,54.7,139.18,419.48,1,-1,-1,-1
297,49,242.56,32.23,147.15,444.25,1,-1,-1,-1
297,51,389.68,145.19,66.7,202.79,1,-1,-1,-1
298,32,99.08,71.42,132.24,398.6,1,-1,-1,-1
298,49,247.69,26.79,151.41,457.11,1,-1,-1,-1
298,51,401.11,152.33,63.22,192.16,1,-1,-1,-1
299,32,109.99,62.46,135.98,409.89,1,-1,-1,-1
299,51,407.55,143.55,67.4,204.81,1,-1,-1,-1
300,32,116.38,64.18,135.42,408.2,1,-1,-1,-1
300,51,430.59,152,63.26,192.21,1,-1,-1,-1
301,51,442.37,156.24,58.71,178.37,1,-1,-1,-1
302,51,451.21,157.43,59.62,181.09,1,-1,-1,-1
302,56,373.81,160.46,47.48,144.56,1,-1,-1,-1
303,51,458.28,148.21,62.76,190.62,1,-1,-1,-1
303,56,382.77,158.86,48.29,147,1,-1,-1,-1
304,51,460.66,144.76,63.93,194.13,1,-1,-1,-1
304,56,387.03,157.37,46.14,140.47,1,-1,-1,-1
305,51,464.24,141.1,67.34,204.44,1,-1,-1,-1
305,56,387.31,142.12,52.9,161.03,1,-1,-1,-1
306,51,470.6,142.1,65.67,199.34,1,-1,-1,-1
306,56,391.32,144.99,52.68,160.32,1,-1,-1,-1
307,51,479.69,140.12,66.84,202.89,1,-1,-1,-1
307,56,388.34,153.1,50.11,152.51,1,-1,-1,-1
308,32,159.61,69.19,112.88,340.3,1,-1,-1,-1
308,56,392.31,163.51,42.81,130.32,1,-1,-1,-1
308,63,306.47,148.08,55.57,168.71,1,-1,-1,-1
308,64,512.94,128.86,78.96,238.74,1,-1,-1,-1
309,32,140.01,57.52,124.23,374.56,1,-1,-1,-1
309,56,399.51,142.66,54.64,166.28,1,-1,-1,-1
309,63,304.71,146.88,58.63,178.01,1,-1,-1,-1
309,64,514.79,122.42,83.21,251.59,1,-1,-1,-1
309,65,359.3,184.15,39.61,120.59,1,-1,-1,-1
310,32,141.21,56.86,133.27,401.78,1,-1,-1,-1
310,48,464.16,172.74,42.02,127.78,1,-1,-1,-1
310,56,402.48,145.27,53.41,162.51,1,-1,-1,-1
310,63,304.14,146.5,59.62,180.99,1,-1,-1,-1
310,64,515.37,120.48,84.56,255.7,1,-1,-1,-1
310,65,361.4,188.65,41.14,125.25,1,-1,-1,-1
311,32,141.58,56.62,136.75,412.26,1,-1,-1,-1
311,48,459.13,172.68,41.88,127.42,1,-1,-1,-1
311,56,403.45,146.76,52.7,160.35,1,-1,-1,-1
311,63,303.98,146.38,59.91,181.86,1,-1,-1,-1
311,64,500.05,118.69,93.93,284.01,1,-1,-1,-1
311,65,367.72,192.41,39.52,120.35,1,-1,-1,-1
312,32,141.6,56.54,138.1,416.32,1,-1,-1,-1
312,48,453.79,175.81,39.86,121.33,1,-1,-1,-1
312,56,400.28,146.97,54.85,166.86,1,-1,-1,-1
312,63,304.61,112.17,73.19,222.15,1,-1,-1,-1
312,64,498.24,114.76,106.83,322.96,1,-1,-1,-1
312,65,370.18,191.06,41.08,125.09,1,-1,-1,-1
313,32,143.79,56.18,139.14,419.48,1,-1,-1,-1
313,48,446.71,169.51,43.25,131.65,1,-1,-1,-1
313,56,399.02,147.1,55.64,169.23,1,-1,-1,-1
313,63,304.32,105.6,76.35,231.74,1,-1,-1,-1
313,64,489.52,103.06,116.89,353.32,1,-1,-1,-1
313,65,370.14,187.19,43.71,133.12,1,-1,-1,-1
314,32,154.43,73.68,131.55,396.6,1,-1,-1,-1
314,48,443.51,174.37,40.52,123.38,1,-1,-1,-1
314,56,398.43,147.21,55.91,170.02,1,-1,-1,-1
314,63,310.71,132.74,67.8,205.78,1,-1,-1,-1
314,64,486.04,98.36,120.85,365.25,1,-1,-1,-1
314,65,370.02,185.75,44.67,136.01,1,-1,-1,-1
315,12,24.97,146.95,59.66,181.02,1,-1,-1,-1
315,32,145.67,81.61,136.23,410.69,1,-1,-1,-1
315,48,444.56,174.83,40.2,122.41,1,-1,-1,-1
315,56,391.71,99.32,78.75,239.35,1,-1,-1,-1
315,63,312.41,139.78,65.63,199.15,1,-1,-1,-1
315,64,484.78,96.62,122.23,369.38,1,-1,-1,-1
315,65,374.32,187.41,47.19,143.67,1,-1,-1,-1
316,12,24.96,135.31,62.72,190.25,1,-1,-1,-1
316,32,149.32,68.65,144.33,435.09,1,-1,-1,-1
316,56,383.69,120.34,74.19,225.42,1,-1,-1,-1
316,63,312.96,142.11,64.91,196.95,1,-1,-1,-1
316,64,490.1,83.9,128.12,387.1,1,-1,-1,-1
316,65,382.29,188.02,48.12,146.5,1,-1,-1,-1
317,12,24.73,131.83,63.63,192.99,1,-1,-1,-1
317,32,136.98,45.89,154.23,464.92,1,-1,-1,-1
317,56,397.72,89.54,85.56,259.85,1,-1,-1,-1
317,63,313.15,143.01,64.6,196.01,1,-1,-1,-1
317,64,497.08,64.92,136.19,411.4,1,-1,-1,-1
317,65,392.01,189.22,44.33,134.97,1,-1,-1,-1
318,12,31.71,132.84,61.11,185.36,1,-1,-1,-1
318,32,149.86,66.26,139.02,419.08,1,-1,-1,-1
318,56,398.97,83.3,88.92,270.03,1,-1,-1,-1
318,63,321.84,143.38,64.45,195.54,1,-1,-1,-1
318,64,495.44,58.81,141.39,427.12,1,-1,-1,-1
318,65,401.44,189.67,42.76,130.22,1,-1,-1,-1
319,12,33.01,142.62,57.39,174.1,1,-1,-1,-1
319,32,150.71,62.59,145.47,438.51,1,-1,-1,-1
319,63,325.08,143.56,64.36,195.25,1,-1,-1,-1
319,65,417.75,183.59,48.81,148.61,1,-1,-1,-1
320,12,35.33,136.92,58.78,178.31,1,-1,-1,-1
320,32,180.68,58.71,141.26,425.81,1,-1,-1,-1
320,63,338.52,128.04,70.65,214.27,1,-1,-1,-1
320,65,435.56,175.32,53.3,162.24,1,-1,-1,-1
321,12,49.64,136.52,56.59,171.67,1,-1,-1,-1
321,32,192.37,57.19,139.53,420.59,1,-1,-1,-1
321,56,441.43,104.96,82.1,249.22,1,-1,-1,-1
321,63,355.41,126.12,69.8,211.69,1,-1,-1,-1
321,65,450.54,171.46,52.74,160.51,1,-1,-1,-1
322,12,62.86,128.73,55.76,169.19,1,-1,-1,-1
322,32,205.13,54.18,132.7,400.02,1,-1,-1,-1
322,56,459.19,109.53,80.43,244.07,1,-1,-1,-1
322,63,376.46,116.74,76.1,230.73,1,-1,-1,-1
322,65,470.09,163.12,54.87,166.94,1,-1,-1,-1
323,12,75.27,125.95,55.48,168.35,1,-1,-1,-1
323,32,219.77,36.79,136.35,411.02,1,-1,-1,-1
323,48,464.65,161.47,39.03,118.88,1,-1,-1,-1
323,56,485.92,110.82,80.01,242.71,1,-1,-1,-1
323,63,394.4,113.25,78.44,237.8,1,-1,-1,-1
323,65,491.84,159.97,55.66,169.32,1,-1,-1,-1
323,71,147.08,114.53,64.01,194.17,1,-1,-1,-1
324,12,75.4,122.86,58.1,176.29,1,-1,-1,-1
324,32,232.18,46.48,131.54,396.55,1,-1,-1,-1
324,48,470.74,156.95,40.94,124.71,1,-1,-1,-1
324,56,493.04,108.3,81.7,247.84,1,-1,-1,-1
324,63,401.38,101.74,79.33,240.44,1,-1,-1,-1
324,65,512.59,158.78,53.52,162.8,1,-1,-1,-1
324,71,144.54,89.52,75.32,228.45,1,-1,-1,-1
325,12,83.34,121.77,59.06,179.21,1,-1,-1,-1
325,32,239.9,35.52,142.61,429.88,1,-1,-1,-1
325,48,473.15,155.66,40.95,124.75,1,-1,-1,-1
325,56,510.1,99.03,79.88,242.23,1,-1,-1,-1
325,63,414.14,97.31,79.62,241.27,1,-1,-1,-1
325,65,537.25,158.46,55.09,167.53,1,-1,-1,-1
325,71,132.97,81.25,79.07,239.79,1,-1,-1,-1
326,12,78.29,121.43,59.44,180.34,1,-1,-1,-1
326,32,242.64,31.61,146.56,441.79,1,-1,-1,-1
326,56,518.25,95.8,81.2,246.25,1,-1,-1,-1
326,63,429.2,95.73,79.68,241.41,1,-1,-1,-1
326,65,547.99,148.39,61.04,185.57,1,-1,-1,-1
326,71,123.23,82.33,84.08,254.96,1,-1,-1,-1
327,12,76.94,131.91,54.46,165.25,1,-1,-1,-1
327,32,251.06,28.88,141.63,426.92,1,-1,-1,-1
327,63,432.6,88.59,83.35,252.5,1,-1,-1,-1
327,65,560.14,144.59,63.3,192.39,1,-1,-1,-1
327,71,108.47,83.05,85.86,260.31,1,-1,-1,-1
328,12,79.17,131.51,53.97,163.77,1,-1,-1,-1
328,32,265.92,29.29,146.22,440.76,1,-1,-1,-1
328,63,433.71,85.96,84.73,256.62,1,-1,-1,-1
328,65,571.57,144.77,61.44,186.7,1,-1,-1,-1
328,71,95.75,75.67,90.34,273.83,1,-1,-1,-1
329,32,271.23,29.48,147.9,445.81,1,-1,-1,-1
329,56,548.99,86.67,84.61,256.48,1,-1,-1,-1
329,63,436.85,80.6,93.37,282.72,1,-1,-1,-1
329,65,575.48,145.01,60.61,184.15,1,-1,-1,-1
329,71,69.97,63.69,96.17,291.43,1,-1,-1,-1
330,32,279.4,46.53,142.01,428.05,1,-1,-1,-1
330,56,549.11,92.68,81.11,245.82,1,-1,-1,-1
330,63,442.82,86.79,92.56,280.23,1,-1,-1,-1
330,65,587.1,142.68,61.59,187.15,1,-1,-1,-1
330,71,47.52,59.12,98.37,298.02,1,-1,-1,-1
331,32,282.14,34.71,139.66,420.96,1,-1,-1,-1
331,56,552.2,87.96,83.7,253.59,1,-1,-1,-1
331,63,449.29,92.26,84.49,255.76,1,-1,-1,-1
331,71,27.18,60.27,103.56,313.68,1,-1,-1,-1
331,76,510,136.73,55.59,168.91,1,-1,-1,-1
332,32,276.33,31.68,145.4,438.27,1,-1,-1,-1
332,56,560.53,92.97,80.92,245.12,1,-1,-1,-1
332,63,449.97,87.77,84.96,257.15,1,-1,-1,-1
332,71,6.13,49.43,110.28,333.91,1,-1,-1,-1
332,76,508.51,136.46,56.28,171.01,1,-1,-1,-1
333,32,274.06,30.6,147.51,444.61,1,-1,-1,-1
333,56,563.37,95.08,79.78,241.64,1,-1,-1,-1
333,63,459.07,78.18,89.12,269.73,1,-1,-1,-1
333,71,-7.17,43.56,114.64,347.12,1,-1,-1,-1
334,12,45.47,137.81,51.8,157.23,1,-1,-1,-1
334,32,272.95,30.24,148.3,446.98,1,-1,-1,-1
334,56,571.49,106.18,72.51,219.63,1,-1,-1,-1
334,63,458.24,78.03,94.89,287.13,1,-1,-1,-1
335,12,39.29,127.11,57.09,173.28,1,-1,-1,-1
335,32,264,31.57,155.57,468.86,1,-1,-1,-1
335,56,574.1,110.52,69.7,211.11,1,-1,-1,-1
335,63,461.81,74.7,92.94,281.19,1,-1,-1,-1
335,77,414.2,114.6,77.85,235.53,1,-1,-1,-1
336,12,30.59,112.6,61.54,186.75,1,-1,-1,-1
336,32,268.73,30.71,151.4,456.31,1,-1,-1,-1
336,56,584.3,102.52,68.73,208.19,1,-1,-1,-1
336,63,462.91,73.53,92.05,278.45,1,-1,-1,-1
336,77,416.28,113.41,78.7,238.1,1,-1,-1,-1
337,12,26.12,110.22,60.54,183.7,1,-1,-1,-1
337,32,258.55,29.12,143.09,431.25,1,-1,-1,-1
337,56,591.32,102.03,67.93,205.75,1,-1,-1,-1
337,63,463.12,73.19,91.66,277.25,1,-1,-1,-1
338,12,24.49,109.39,60.1,182.35,1,-1,-1,-1
338,32,258.1,9.83,153.75,463.36,1,-1,-1,-1
338,63,475.07,73.17,91.47,276.66,1,-1,-1,-1
338,77,432.03,112.85,79.11,239.33,1,-1,-1,-1
339,12,23.97,109.15,59.91,181.78,1,-1,-1,-1
339,32,266.12,3.02,150.64,453.99,1,-1,-1,-1
339,63,479.44,73.25,91.37,276.32,1,-1,-1,-1
339,77,433.99,112.74,79.19,239.57,1,-1,-1,-1
340,12,21.26,107.24,60.23,182.75,1,-1,-1,-1
340,32,260.86,0.48,156.37,471.26,1,-1,-1,-1
340,63,490.51,63.89,95.6,289.09,1,-1,-1,-1
340,77,445.6,112.71,79.21,239.63,1,-1,-1,-1
341,32,267.09,18.99,151.57,456.76,1,-1,-1,-1
341,63,503.75,63.17,101.71,307.53,1,-1,-1,-1
341,77,459.84,106.53,83.07,251.31,1,-1,-1,-1
342,32,269.47,26.47,149.6,450.84,1,-1,-1,-1
342,63,517.51,51.42,108.86,329.07,1,-1,-1,-1
342,77,476.1,110.32,80.7,244.13,1,-1,-1,-1
343,12,45.11,119.75,59.81,181.47,1,-1,-1,-1
343,32,271.41,26.23,149.96,451.92,1,-1,-1,-1
343,63,529.94,55.62,102.44,309.64,1,-1,-1,-1
343,77,482.02,111.89,79.71,241.15,1,-1,-1,-1
344,12,50.6,109.49,62.71,190.24,1,-1,-1,-1
344,32,293.8,6.5,148.73,448.21,1,-1,-1,-1
344,63,547.55,57.62,99.62,301.09,1,-1,-1,-1
344,77,489.76,111.48,80,242.03,1,-1,-1,-1
344,79,429.14,96.85,79.05,239.29,1,-1,-1,-1
345,12,58.02,109.46,60.87,184.66,1,-1,-1,-1
345,32,297.9,4.21,148.92,448.79,1,-1,-1,-1
345,63,556.31,55.25,100.64,304.2,1,-1,-1,-1
345,77,522.34,112.59,79.27,239.83,1,-1,-1,-1
345,79,433.17,96.57,79.22,239.81,1,-1,-1,-1
346,12,68.92,117.56,60.12,182.4,1,-1,-1,-1
346,77,546.29,111.62,87.21,263.81,1,-1,-1,-1
346,79,445.91,96.58,79.22,239.8,1,-1,-1,-1
347,12,84.69,122.73,57.17,173.46,1,-1,-1,-1
347,32,345.97,0.79,157.5,474.63,1,-1,-1,-1
347,77,558.6,111.3,88.31,267.14,1,-1,-1,-1
347,79,452.48,95.74,79.74,241.37,1,-1,-1,-1
348,12,86.44,140.44,53.51,162.38,1,-1,-1,-1
348,32,347.33,0.21,166.46,501.6,1,-1,-1,-1
348,81,37.21,125.39,58.76,178.26,1,-1,-1,-1
349,12,101.33,139.69,52.17,158.35,1,-1,-1,-1
349,32,354.73,-1.81,168.27,507.04,1,-1,-1,-1
349,81,47.65,122.46,59.57,180.72,1,-1,-1,-1
350,12,111.64,130.68,54.27,164.7,1,-1,-1,-1
350,81,48.44,123.96,56.87,172.52,1,-1,-1,-1
350,83,202.76,161,39,119,1,-1,-1,-1
351,12,122.7,127.42,55.02,167.01,1,-1,-1,-1
351,81,53.57,122.54,56.63,171.79,1,-1,-1,-1
351,83,200.81,161,39,119,1,-1,-1,-1
352,12,129.08,127.55,54.82,166.39,1,-1,-1,-1
352,79,486.64,65.57,103.33,312.68,1,-1,-1,-1
352,83,194.43,161,39,119,1,-1,-1,-1
353,12,144.12,113.94,58.52,177.61,1,-1,-1,-1
353,79,504.23,53.99,114.93,347.69,1,-1,-1,-1
353,83,192.42,155.27,39,119,1,-1,-1,-1
354,12,149.22,121.07,56.66,171.97,1,-1,-1,-1
354,79,511.01,49.51,119.45,361.26,1,-1,-1,-1
354,81,100.49,124.96,55.63,168.77,1,-1,-1,-1
354,83,189.27,153.96,39,119,1,-1,-1,-1
355,12,156.32,120.57,56.67,172,1,-1,-1,-1
355,32,385.96,0,160.32,483.06,1,-1,-1,-1
355,79,518.67,45.05,123.18,372.56,1,-1,-1,-1
355,81,121.02,133.21,55.53,168.48,1,-1,-1,-1
356,12,167.31,127.08,50.15,152.26,1,-1,-1,-1
356,32,392.36,-0.96,160.7,484.22,1,-1,-1,-1
356,81,127.63,128.19,55.5,168.39,1,-1,-1,-1
357,12,179.93,117.96,53.81,163.36,1,-1,-1,-1
357,81,129.62,126.34,55.49,168.39,1,-1,-1,-1
358,12,184.09,122.56,54.91,166.71,1,-1,-1,-1
358,81,129.94,125.66,55.5,168.41,1,-1,-1,-1
359,12,185.94,138.21,57.99,176.02,1,-1,-1,-1
359,32,387.81,29.12,159.28,479.91,1,-1,-1,-1
359,79,524.96,43.9,115.16,348.2,1,-1,-1,-1
359,81,129.68,140.53,55.51,168.44,1,-1,-1,-1
360,12,191.68,152.41,54.12,164.32,1,-1,-1,-1
360,32,387.15,32.47,159.11,479.41,1,-1,-1,-1
360,79,523.82,30.89,125.41,379.08,1,-1,-1,-1
360,81,136.9,142.11,55.36,168,1,-1,-1,-1
360,83,139.41,188,41.72,127.29,1,-1,-1,-1
361,12,187.41,158.05,55.07,167.18,1,-1,-1,-1
361,32,386.94,33.58,159.06,479.24,1,-1,-1,-1
361,79,523.9,26.89,128.56,388.47,1,-1,-1,-1
361,81,139.46,155.99,52.56,159.53,1,-1,-1,-1
361,83,133.21,190.83,41.99,128.11,1,-1,-1,-1
362,12,184.73,159.98,52.93,160.71,1,-1,-1,-1
362,32,409.27,32.5,151.96,457.86,1,-1,-1,-1
362,79,528.69,22.73,131.44,397.2,1,-1,-1,-1
362,81,140.63,151.9,51.92,157.59,1,-1,-1,-1
363,12,190.48,160.55,52.11,158.23,1,-1,-1,-1
363,32,394.65,33.41,156.46,471.41,1,-1,-1,-1
363,81,141.39,157.1,49.34,149.81,1,-1,-1,-1
363,83,105,178.81,44.51,135.75,1,-1,-1,-1
364,12,193.99,160.68,54.32,164.95,1,-1,-1,-1
364,32,389.31,33.71,158.09,476.3,1,-1,-1,-1
364,81,148.13,159.43,50.8,154.25,1,-1,-1,-1
364,83,89.44,173.23,49.4,150.62,1,-1,-1,-1
365,12,195.17,160.68,55.14,167.42,1,-1,-1,-1
365,32,387.16,33.76,158.71,478.18,1,-1,-1,-1
365,81,142.43,160.24,53.82,163.41,1,-1,-1,-1
365,83,80.95,173.7,50.3,153.34,1,-1,-1,-1
366,12,193.9,153.62,52.99,160.91,1,-1,-1,-1
366,32,388.99,32.3,151.9,457.65,1,-1,-1,-1
366,81,140.19,153.11,54.95,166.84,1,-1,-1,-1
367,12,202.32,142.71,54.66,165.99,1,-1,-1,-1
367,32,409.69,31.67,149.28,449.77,1,-1,-1,-1
367,81,143.61,154.33,55.07,167.19,1,-1,-1,-1
368,12,210.18,146.62,52.81,160.38,1,-1,-1,-1
368,32,412.89,11.39,163.17,491.6,1,-1,-1,-1
369,12,223.29,154.71,49.75,151.11,1,-1,-1,-1
369,32,409.4,4.12,176.03,530.33,1,-1,-1,-1
369,81,177,149.46,55.52,168.58,1,-1,-1,-1
369,87,13.65,63.23,92.21,278.53,1,-1,-1,-1
370,12,231.83,158.22,50.99,154.88,1,-1,-1,-1
370,32,415.31,21.66,165.99,500.07,1,-1,-1,-1
370,81,182.34,148.68,55.6,168.8,1,-1,-1,-1
370,87,21.46,64.88,101.3,305.98,1,-1,-1,-1
371,12,241.75,159.44,51.43,156.23,1,-1,-1,-1
371,32,417.52,29.08,161.67,487.07,1,-1,-1,-1
371,81,184.73,147.37,58.28,176.92,1,-1,-1,-1
371,87,23.62,65.4,103.59,312.9,1,-1,-1,-1
372,12,249.32,152.39,54.09,164.3,1,-1,-1,-1
372,32,438.09,10.56,167.66,505.07,1,-1,-1,-1
372,81,192.26,147.9,56.67,172.04,1,-1,-1,-1
372,87,24.01,65.38,104.43,315.4,1,-1,-1,-1
373,12,254.87,157.05,52.65,159.93,1,-1,-1,-1
373,32,443.1,8.96,168.71,508.24,1,-1,-1,-1
373,63,211.09,157.63,48.92,148.13,1,-1,-1,-1
373,81,196.73,133.72,64.57,195.99,1,-1,-1,-1
373,87,38.52,65.24,104.7,316.21,1,-1,-1,-1
374,12,263.69,158.87,52.07,158.18,1,-1,-1,-1
374,63,210.71,159.56,51.48,155.98,1,-1,-1,-1
374,81,202.36,132.44,65.57,199.02,1,-1,-1,-1
374,87,43.6,65.11,104.76,316.41,1,-1,-1,-1
375,12,271.82,152.03,54.35,165.08,1,-1,-1,-1
375,63,216.58,160.37,51.43,155.92,1,-1,-1,-1
375,87,56.62,75.46,100,302.03,1,-1,-1,-1
376,12,276.57,156.83,52.75,160.23,1,-1,-1,-1
376,63,223.17,159.76,48.9,148.34,1,-1,-1,-1
376,87,64.07,68.64,103.02,311.13,1,-1,-1,-1
377,12,278.05,158.7,52.11,158.29,1,-1,-1,-1
377,63,225.85,159.33,48.13,146.05,1,-1,-1,-1
377,87,66.56,66.18,104.09,314.36,1,-1,-1,-1
378,12,283.94,151.89,54.36,165.13,1,-1,-1,-1
378,63,226.63,151.52,53.19,161.41,1,-1,-1,-1
378,87,67.2,65.2,104.49,315.56,1,-1,-1,-1
379,12,287.39,156.71,52.75,160.25,1,-1,-1,-1
379,63,230.89,149.39,52.34,158.87,1,-1,-1,-1
379,87,55.18,52.78,109.63,331.07,1,-1,-1,-1
380,12,286.97,151.11,54.61,165.86,1,-1,-1,-1
380,63,232.59,155.86,51.99,157.83,1,-1,-1,-1
380,87,48.6,59.93,106.64,322.01,1,-1,-1,-1
380,91,454.45,187.01,33.09,100.87,1,-1,-1,-1
381,12,295,156.4,52.84,160.5,1,-1,-1,-1
381,63,233.2,158.26,51.86,157.45,1,-1,-1,-1
381,79,519.77,166.28,54.15,163.84,1,-1,-1,-1
381,87,47.83,65.84,110.41,333.4,1,-1,-1,-1
381,91,457.01,179.44,37.58,114.57,1,-1,-1,-1
382,12,297.76,157.98,49.81,151.31,1,-1,-1,-1
382,63,233.4,159.13,51.81,157.32,1,-1,-1,-1
382,79,521.26,160.13,55.44,167.86,1,-1,-1,-1
382,87,33.81,55.37,117.06,353.45,1,-1,-1,-1
382,91,459.66,179.47,37.55,114.46,1,-1,-1,-1
383,12,291.44,159.06,51.04,155.06,1,-1,-1,-1
383,63,242.83,165.55,49.45,150.16,1,-1,-1,-1
383,79,522.14,160.05,58.15,176.13,1,-1,-1,-1
383,87,27.36,63.82,114.4,345.39,1,-1,-1,-1
383,95,284.64,105.5,73.64,222.93,1,-1,-1,-1
384,12,289.12,159.44,51.48,156.4,1,-1,-1,-1
384,63,244.02,161.72,50.94,154.71,1,-1,-1,-1
384,79,517.93,146,65.85,199.46,1,-1,-1,-1
384,87,23.75,64.25,108.28,326.92,1,-1,-1,-1
384,91,451,193.56,30.24,92.22,1,-1,-1,-1
384,95,275.77,99.01,77.7,235.2,1,-1,-1,-1
385,12,286.68,152.11,54.13,164.44,1,-1,-1,-1
385,63,240.14,159.85,49.15,149.3,1,-1,-1,-1
385,79,519.54,143.68,65.31,197.82,1,-1,-1,-1
385,81,238.75,139.54,68.81,208.77,1,-1,-1,-1
385,87,22.39,64.4,105.89,319.69,1,-1,-1,-1
385,91,445.12,195.28,29.34,89.5,1,-1,-1,-1
385,95,272.93,96.93,79,239.13,1,-1,-1,-1
386,12,285.7,149.37,55.12,167.45,1,-1,-1,-1
386,63,239.41,151.99,53.37,162.1,1,-1,-1,-1
386,79,520.29,143.03,64.88,196.55,1,-1,-1,-1
386,81,242.8,139.58,69.32,210.33,1,-1,-1,-1
386,87,7.84,54.53,115.44,348.51,1,-1,-1,-1
386,91,443.93,197.8,28.03,85.51,1,-1,-1,-1
386,95,273.77,89.12,83.38,252.38,1,-1,-1,-1
387,12,285.22,148.32,55.5,168.59,1,-1,-1,-1
387,63,238.33,156,50.18,152.43,1,-1,-1,-1
387,79,517.51,140.41,67.83,205.5,1,-1,-1,-1
387,81,228.46,117.83,68.81,208.72,1,-1,-1,-1
387,87,15.19,95.66,104.36,315.07,1,-1,-1,-1
387,95,274.17,74.83,84.9,256.97,1,-1,-1,-1
388,12,284.95,147.94,55.64,168.99,1,-1,-1,-1
388,63,235.06,158.19,51.22,155.6,1,-1,-1,-1
388,79,521.29,136.24,72.17,218.62,1,-1,-1,-1
388,81,230.71,115.74,69.22,209.97,1,-1,-1,-1
388,87,26.83,141.31,87.12,263.08,1,-1,-1,-1
388,95,262.94,81.06,85.38,258.41,1,-1,-1,-1
389,12,284.78,155.23,55.68,169.11,1,-1,-1,-1
389,63,236.6,164.99,49.29,149.75,1,-1,-1,-1
389,79,526.33,130.59,77.23,233.92,1,-1,-1,-1
389,81,225.82,112.69,68.8,208.63,1,-1,-1,-1
389,87,8.32,118.73,99.03,299.03,1,-1,-1,-1
389,95,257.92,90.52,81.67,247.17,1,-1,-1,-1
390,12,279.14,157.99,53.22,161.66,1,-1,-1,-1
390,63,227.32,161.47,50.89,154.63,1,-1,-1,-1
390,79,528.3,128.47,79.16,239.71,1,-1,-1,-1
390,81,227.3,110.49,69.12,209.6,1,-1,-1,-1
390,87,5.83,122.84,98.84,298.46,1,-1,-1,-1
390,95,257.12,79.1,88.16,266.78,1,-1,-1,-1
391,12,269.82,159.05,52.26,158.75,1,-1,-1,-1
391,63,220.67,159.69,49.18,149.44,1,-1,-1,-1
391,79,520.45,116.33,87.44,264.75,1,-1,-1,-1
391,95,254.05,76.02,89.87,271.97,1,-1,-1,-1
392,12,267.73,172.06,49.58,150.61,1,-1,-1,-1
392,63,214.43,159.49,50.86,154.53,1,-1,-1,-1
392,79,515.9,104.31,94.71,286.67,1,-1,-1,-1
392,91,395.78,189.39,29.29,89.42,1,-1,-1,-1
393,12,258.45,164.06,50.95,154.77,1,-1,-1,-1
393,63,212.33,164.05,47.03,142.94,1,-1,-1,-1
393,79,514.05,99.54,97.59,295.33,1,-1,-1,-1
393,91,390.22,189.4,28.96,88.4,1,-1,-1,-1
393,95,239.18,61.71,96.67,292.47,1,-1,-1,-1
394,12,255.17,161.19,51.44,156.27,1,-1,-1,-1
394,63,215.3,167.22,47.75,145.13,1,-1,-1,-1
394,79,518.56,92.73,107.83,326.23,1,-1,-1,-1
394,95,239.12,77.02,89.41,270.49,1,-1,-1,-1
395,12,255.79,159.58,49.32,149.85,1,-1,-1,-1
395,63,205.68,162.28,50.33,152.97,1,-1,-1,-1
395,79,527.34,95.04,102.84,311.09,1,-1,-1,-1
395,81,250.59,111.55,68.73,208.38,1,-1,-1,-1
395,95,250.1,51.68,95.13,287.77,1,-1,-1,-1
396,12,256.13,158.94,48.51,147.41,1,-1,-1,-1
396,63,202.15,160.43,51.29,155.88,1,-1,-1,-1
396,79,523.76,91.23,109.84,332.17,1,-1,-1,-1
396,81,253.45,110.4,68.87,208.82,1,-1,-1,-1
396,95,234.75,32,106.52,322.15,1,-1,-1,-1
397,12,254.49,159.21,50.57,153.68,1,-1,-1,-1
397,63,198.52,165.65,49.37,150.07,1,-1,-1,-1
397,79,522.41,89.82,112.46,340.02,1,-1,-1,-1
397,95,235.15,34.95,101.81,307.86,1,-1,-1,-1
398,12,251.02,159.34,53.79,163.43,1,-1,-1,-1
398,63,194.18,161.64,53.46,162.46,1,-1,-1,-1
398,79,521.51,64.95,124,374.83,1,-1,-1,-1
398,95,235.59,36.7,99.6,301.14,1,-1,-1,-1
399,12,254.34,165.23,50.34,152.96,1,-1,-1,-1
399,63,201.9,166.01,50.28,152.81,1,-1,-1,-1
399,79,521.45,59.16,128.11,387.25,1,-1,-1,-1
399,95,229.25,26.53,108.26,327.27,1,-1,-1,-1
400,12,251.01,161.52,53.79,163.44,1,-1,-1,-1
400,63,203.17,161.73,53.8,163.49,1,-1,-1,-1
400,95,233.29,33.42,102.23,309.01,1,-1,-1,-1
401,12,245.87,160.17,52.59,159.8,1,-1,-1,-1
401,63,201.62,160.18,52.64,159.97,1,-1,-1,-1
401,81,199.97,105.44,73.29,222.14,1,-1,-1,-1
401,95,230.89,29.4,103.72,313.51,1,-1,-1,-1
402,12,246.16,159.13,49.79,151.29,1,-1,-1,-1
402,63,195.67,152.13,54.62,165.99,1,-1,-1,-1
402,81,197.06,104.36,73.75,223.52,1,-1,-1,-1
402,95,220.16,36.99,99.19,299.82,1,-1,-1,-1
403,12,246.37,165.38,48.71,148.04,1,-1,-1,-1
403,63,198.82,156.45,52.93,160.84,1,-1,-1,-1
403,95,217.46,38.4,98.28,297.03,1,-1,-1,-1
404,12,246.5,167.64,48.33,146.88,1,-1,-1,-1
404,63,200.17,158.2,52.24,158.73,1,-1,-1,-1
404,91,348.87,196.16,25.56,78.15,1,-1,-1,-1
404,95,216.56,38.91,97.96,296.05,1,-1,-1,-1
405,12,246.59,161.86,48.19,146.49,1,-1,-1,-1
405,63,195.27,151.42,54.46,165.46,1,-1,-1,-1
405,91,344.62,196.61,25.24,77.19,1,-1,-1,-1
405,95,216.33,39.18,97.82,295.61,1,-1,-1,-1
406,12,244.39,160.19,50.48,153.44,1,-1,-1,-1
406,63,196.48,155.74,50.57,153.67,1,-1,-1,-1
406,81,180.66,104.99,73.76,223.5,1,-1,-1,-1
406,95,216.35,26.34,97.75,295.37,1,-1,-1,-1
407,12,247.6,152.23,53.78,163.44,1,-1,-1,-1
407,63,197.08,157.54,48.99,148.89,1,-1,-1,-1
407,81,177.36,104.33,74.06,224.42,1,-1,-1,-1
407,95,212.8,22.5,102.35,309.25,1,-1,-1,-1
408,12,251.71,149.64,52.63,159.94,1,-1,-1,-1
408,63,199.77,151.59,50.78,154.32,1,-1,-1,-1
408,95,211.52,21.14,104.06,314.39,1,-1,-1,-1
409,12,253.39,148.66,52.14,158.47,1,-1,-1,-1
409,63,200.75,149.46,51.43,156.28,1,-1,-1,-1
409,95,214.73,19.82,100.11,302.46,1,-1,-1,-1
410,12,247.06,148.34,51.95,157.89,1,-1,-1,-1
410,63,194.2,148.67,51.67,157.03,1,-1,-1,-1
410,95,203,19.47,98.51,297.63,1,-1,-1,-1
411,12,244.68,148.26,51.88,157.65,1,-1,-1,-1
411,63,189.81,154.88,49.46,150.33,1,-1,-1,-1
411,95,198.72,19.44,97.91,295.79,1,-1,-1,-1
412,12,239.57,154.74,49.54,150.56,1,-1,-1,-1
412,63,185.94,162.57,46.42,141.09,1,-1,-1,-1
412,95,195.73,17.18,98.07,296.26,1,-1,-1,-1
413,12,237.66,157.27,48.64,147.83,1,-1,-1,-1
413,63,180.15,160.09,47.52,144.46,1,-1,-1,-1
413,95,184.41,4.05,109.01,329.29,1,-1,-1,-1
414,12,234.24,151.63,50.65,153.95,1,-1,-1,-1
414,63,178.15,159.2,47.92,145.66,1,-1,-1,-1
414,95,179.07,13.64,102,308.11,1,-1,-1,-1
415,12,226.12,149.58,51.39,156.19,1,-1,-1,-1
415,63,177.49,158.86,48.07,146.15,1,-1,-1,-1
415,95,171.61,18.61,103.85,313.68,1,-1,-1,-1
416,12,226.23,155.25,49.38,150.09,1,-1,-1,-1
416,63,170.8,158.72,48.14,146.36,1,-1,-1,-1
416,91,304.07,194.1,22.15,67.9,1,-1,-1,-1
416,95,168.99,20.42,104.51,315.65,1,-1,-1,-1
417,12,218.68,150.44,53.45,162.44,1,-1,-1,-1
417,63,168.36,158.67,48.17,146.46,1,-1,-1,-1
417,91,300.24,194.05,21.86,67.03,1,-1,-1,-1
417,95,160.72,20.24,100.13,302.43,1,-1,-1,-1
418,12,219.54,160.51,48.15,146.35,1,-1,-1,-1
418,63,167.55,158.64,48.19,146.52,1,-1,-1,-1
418,81,207.26,130.13,64.32,194.94,1,-1,-1,-1
418,95,157.76,20.23,98.4,297.21,1,-1,-1,-1
419,12,217.53,159.38,48.15,146.38,1,-1,-1,-1
419,63,165.98,163.81,46.04,139.99,1,-1,-1,-1
419,81,208.24,131.6,63.78,193.29,1,-1,-1,-1
419,95,156.83,20.26,97.76,295.29,1,-1,-1,-1
420,12,210.29,158.97,48.16,146.4,1,-1,-1,-1
420,63,165.52,165.77,45.22,137.53,1,-1,-1,-1
420,81,198.3,116.01,67.69,205.11,1,-1,-1,-1
420,95,152.79,19.5,97.61,294.81,1,-1,-1,-1
421,12,204.57,157.9,46,139.85,1,-1,-1,-1
421,63,159.26,166.46,44.94,136.67,1,-1,-1,-1
421,81,198.04,115.55,67.65,205,1,-1,-1,-1
421,95,139.38,4.83,108.9,328.89,1,-1,-1,-1
422,12,202.57,157.48,45.18,137.4,1,-1,-1,-1
422,63,151.37,161.45,47.02,143.02,1,-1,-1,-1
422,81,186.05,117.36,64.76,196.24,1,-1,-1,-1
422,95,134.3,2.54,110.01,332.23,1,-1,-1,-1
423,12,198.48,151.61,47.1,143.23,1,-1,-1,-1
423,63,148.07,158.71,45.66,138.89,1,-1,-1,-1
423,81,184.41,117.16,64.38,195.11,1,-1,-1,-1
423,91,275.5,186.08,25.24,77.45,1,-1,-1,-1
423,103,496.51,27.4,131.05,395.05,1,-1,-1,-1
424,12,194.41,155.06,45.65,138.85,1,-1,-1,-1
424,63,146.97,157.64,45.13,137.29,1,-1,-1,-1
424,81,172.47,117.76,64,193.95,1,-1,-1,-1
424,91,271.51,185.36,25.4,77.94,1,-1,-1,-1
424,95,127.09,0.49,105.82,319.58,1,-1,-1,-1
424,103,478.78,28.41,136.08,410.22,1,-1,-1,-1
425,12,190.1,160.94,43.06,130.98,1,-1,-1,-1
425,63,140.55,157.25,44.94,136.72,1,-1,-1,-1
425,81,170.38,120.82,60.91,184.63,1,-1,-1,-1
425,95,122.28,-1.57,106.35,321.16,1,-1,-1,-1
425,103,453.22,28.73,137.67,414.98,1,-1,-1,-1
426,12,185.5,161.14,40.17,122.24,1,-1,-1,-1
426,63,132.16,157.12,44.88,136.54,1,-1,-1,-1
426,81,169.71,124.07,57.09,173.08,1,-1,-1,-1
426,91,255.9,181.04,25.5,78.3,1,-1,-1,-1
426,103,444.87,28.84,138.22,416.64,1,-1,-1,-1
427,12,177.55,152.23,43.22,131.51,1,-1,-1,-1
427,63,129.12,155.83,42.84,130.37,1,-1,-1,-1
427,81,167.2,124.73,55.99,169.75,1,-1,-1,-1
427,91,251.27,180.08,25.64,78.74,1,-1,-1,-1
427,103,439.87,27.58,131.91,397.65,1,-1,-1,-1
428,12,174.84,149.21,44.24,134.64,1,-1,-1,-1
428,63,127.76,159.19,40.16,122.25,1,-1,-1,-1
428,81,132.95,125.44,55.49,168.27,1,-1,-1,-1
428,103,420.56,27.11,129.6,390.7,1,-1,-1,-1
429,12,171.91,152.89,42.66,129.82,1,-1,-1,-1
429,63,122.02,156.56,41.15,125.26,1,-1,-1,-1
429,81,126.38,126.11,54.47,165.18,1,-1,-1,-1
429,103,408.31,40.29,117.24,353.45,1,-1,-1,-1
430,12,166.95,149.46,44.09,134.2,1,-1,-1,-1
430,63,114.36,155.64,41.5,126.33,1,-1,-1,-1
430,81,149.83,109.16,61.94,187.82,1,-1,-1,-1
430,103,400.38,42.95,107.44,323.93,1,-1,-1,-1
431,12,163.57,153.04,42.62,129.73,1,-1,-1,-1
431,63,110.87,150.44,43.67,132.94,1,-1,-1,-1
431,81,146.96,107.65,61.97,187.91,1,-1,-1,-1
431,91,232.45,178.09,23.94,73.58,1,-1,-1,-1
431,103,386.57,45.91,109.71,330.8,1,-1,-1,-1
432,12,162.5,154.47,42.05,128.02,1,-1,-1,-1
432,63,103.68,148.53,44.48,135.4,1,-1,-1,-1
432,91,227.79,177.28,23.9,73.45,1,-1,-1,-1
432,103,366.66,46.85,110.49,333.19,1,-1,-1,-1
433,12,160.28,153.44,39.96,121.67,1,-1,-1,-1
433,63,101.07,147.83,44.79,136.37,1,-1,-1,-1
433,103,343.45,59.42,105.76,318.95,1,-1,-1,-1
434,12,155.82,154.65,41.11,125.2,1,-1,-1,-1
434,63,95.79,152.41,42.92,130.67,1,-1,-1,-1
434,103,321.08,63.93,104.15,314.13,1,-1,-1,-1
435,12,149.46,150.24,43.54,132.58,1,-1,-1,-1
435,63,94,154.23,42.19,128.47,1,-1,-1,-1
435,103,305.32,67.66,101.57,306.34,1,-1,-1,-1
436,12,147.17,142.63,44.45,135.36,1,-1,-1,-1
436,63,91.89,150.02,43.96,133.85,1,-1,-1,-1
437,12,145.61,144.86,42.82,130.41,1,-1,-1,-1
437,63,91.19,148.5,44.6,135.82,1,-1,-1,-1
438,12,145.21,145.8,42.18,128.47,1,-1,-1,-1
438,63,87.04,147.1,42.86,130.53,1,-1,-1,-1
439,12,139.47,146.18,41.95,127.76,1,-1,-1,-1
439,63,83.61,141.3,44.21,134.64,1,-1,-1,-1
440,12,136.03,145.54,41.8,127.31,1,-1,-1,-1
440,63,80.01,139.94,44.26,134.79,1,-1,-1,-1
441,103,270.35,47.78,111.28,335.66,1,-1,-1,-1
442,103,269.97,58.37,106.92,322.54,1,-1,-1,-1
443,103,268.53,50.6,110.2,332.45,1,-1,-1,-1
444,12,143.06,152.16,39.24,119.55,1,-1,-1,-1
444,103,253.41,47.75,111.4,336.09,1,-1,-1,-1
444,105,354.87,144.07,55.64,169.38,1,-1,-1,-1
445,12,143.96,152.81,39.01,118.87,1,-1,-1,-1
445,91,192.93,176.21,27.22,83.67,1,-1,-1,-1
445,103,250.83,58.49,106.94,322.65,1,-1,-1,-1
445,105,351.54,137.59,56.02,170.52,1,-1,-1,-1
445,106,518.07,72.97,110.36,333.32,1,-1,-1,-1
446,12,144.23,153.02,38.93,118.64,1,-1,-1,-1
446,63,93.2,145.9,42.05,128.07,1,-1,-1,-1
446,81,130.59,91.88,63.94,193.87,1,-1,-1,-1
446,91,194.06,175.46,26.11,80.27,1,-1,-1,-1
446,103,247.37,50.58,110.25,332.64,1,-1,-1,-1
446,105,350.63,143.67,56.03,170.52,1,-1,-1,-1
446,106,511.36,81.01,107.06,323.35,1,-1,-1,-1
447,12,145.56,154.65,40.8,124.34,1,-1,-1,-1
447,63,101.28,150.85,39.89,121.53,1,-1,-1,-1
447,81,129.23,90.75,64.06,194.22,1,-1,-1,-1
447,91,191.31,175.18,26.19,80.53,1,-1,-1,-1
447,103,242.09,33.97,116.74,352.22,1,-1,-1,-1
447,105,350.51,146.08,55.96,170.28,1,-1,-1,-1
447,106,483.76,80.08,100.4,303.25,1,-1,-1,-1
448,12,144.91,153.72,39.64,120.82,1,-1,-1,-1
448,63,103.84,152.42,39.21,119.46,1,-1,-1,-1
448,91,195.85,177.52,24.26,74.64,1,-1,-1,-1
448,103,244.36,41.21,114,343.95,1,-1,-1,-1
448,105,342.91,137.61,58.65,178.43,1,-1,-1,-1
448,106,474.5,79.78,98.08,296.23,1,-1,-1,-1
449,12,150.04,153.32,39.18,119.45,1,-1,-1,-1
449,63,104.74,152.96,38.97,118.76,1,-1,-1,-1
449,91,193.82,177.5,24.15,74.3,1,-1,-1,-1
449,103,245.72,44.21,112.87,340.54,1,-1,-1,-1
449,105,348.32,134.59,59.6,181.29,1,-1,-1,-1
449,106,480.92,83.73,102.36,309.15,1,-1,-1,-1
450,12,157.31,153.17,39.02,118.96,1,-1,-1,-1
450,63,115.81,153.14,38.9,118.55,1,-1,-1,-1
450,103,249.4,57.31,107.45,324.23,1,-1,-1,-1
450,105,350.07,131.29,62.77,190.88,1,-1,-1,-1
450,106,483.27,85.07,103.84,313.61,1,-1,-1,-1
451,12,161.95,154.66,40.85,124.52,1,-1,-1,-1
451,63,119.87,158.55,38.88,118.51,1,-1,-1,-1
451,103,251.1,62.32,105.39,318.02,1,-1,-1,-1
451,105,348.55,128.54,64.2,195.25,1,-1,-1,-1
451,106,498.66,85.55,104.39,315.27,1,-1,-1,-1
452,12,169.23,155.21,41.52,126.58,1,-1,-1,-1
452,63,127.08,156.75,40.78,124.29,1,-1,-1,-1
452,103,251.89,64.11,104.65,315.81,1,-1,-1,-1
452,105,360.73,132.4,60.92,185.21,1,-1,-1,-1
452,106,504.55,85.69,104.58,315.85,1,-1,-1,-1
453,12,180.18,153.88,39.93,121.74,1,-1,-1,-1
453,63,139.73,154.54,39.63,120.8,1,-1,-1,-1
453,103,249.37,52.65,109.43,330.23,1,-1,-1,-1
453,105,360.74,130.39,61.82,187.96,1,-1,-1,-1
453,106,506.76,85.72,104.65,316.03,1,-1,-1,-1
454,12,189.67,158.69,39.31,119.84,1,-1,-1,-1
454,63,149.86,153.64,39.18,119.44,1,-1,-1,-1
454,103,248.51,48.43,111.19,335.55,1,-1,-1,-1
454,106,507.57,85.71,104.66,316.06,1,-1,-1,-1
455,12,196.55,156.68,40.96,124.89,1,-1,-1,-1
455,63,158.8,153.29,39.01,118.96,1,-1,-1,-1
455,103,265.07,58.66,106.93,322.71,1,-1,-1,-1
455,106,507.86,85.68,104.65,316.04,1,-1,-1,-1
456,12,206.03,159.62,39.72,121.13,1,-1,-1,-1
456,63,167.28,158.47,38.96,118.8,1,-1,-1,-1
456,103,269.72,50.55,110.32,332.92,1,-1,-1,-1
456,106,502.04,74.64,109.65,331.11,1,-1,-1,-1
457,12,214.85,160.76,39.23,119.64,1,-1,-1,-1
457,63,172.74,159.21,38.79,118.28,1,-1,-1,-1
457,103,271.42,62.42,111.55,336.63,1,-1,-1,-1
457,105,388.4,138.68,68.15,207.12,1,-1,-1,-1
457,106,519.4,81.34,106.6,321.88,1,-1,-1,-1
458,12,217.95,161.15,39.05,119.1,1,-1,-1,-1
458,103,268.98,54.27,117.32,354.03,1,-1,-1,-1
458,105,390.94,133.32,65.63,199.41,1,-1,-1,-1
458,106,521.36,73,110.36,333.23,1,-1,-1,-1
459,12,223.54,163.21,40.87,124.63,1,-1,-1,-1
459,103,283.71,51.18,119.48,360.55,1,-1,-1,-1
459,105,398.6,141.75,61.86,187.92,1,-1,-1,-1
459,106,513.06,80.76,106.82,322.54,1,-1,-1,-1
460,12,231.4,167.27,39.7,121.07,1,-1,-1,-1
460,103,286.2,52.24,125.92,379.96,1,-1,-1,-1
460,105,401.65,141.74,62.19,188.93,1,-1,-1,-1
460,106,509.71,83.85,105.4,318.24,1,-1,-1,-1
461,12,239.52,163.49,39.23,119.65,1,-1,-1,-1
461,103,292.39,48.33,117.64,354.97,1,-1,-1,-1
461,105,412.39,175.53,48.79,148.25,1,-1,-1,-1
461,106,508.45,85,104.86,316.61,1,-1,-1,-1
462,12,242.35,162.04,39.06,119.13,1,-1,-1,-1
462,103,295.73,58.84,109.13,329.32,1,-1,-1,-1
462,105,416.76,195.48,41.29,125.51,1,-1,-1,-1
462,106,502.08,74.42,109.66,331.09,1,-1,-1,-1
463,12,243.27,163.42,40.88,124.66,1,-1,-1,-1
463,103,293.83,52.68,116.55,351.7,1,-1,-1,-1
463,105,416.12,202.7,43.51,132.29,1,-1,-1,-1
463,106,505.5,81.29,106.53,321.65,1,-1,-1,-1
464,12,243.44,162.02,39.71,121.11,1,-1,-1,-1
464,103,293.17,50.55,119.13,359.45,1,-1,-1,-1
464,105,419.28,208.83,42.22,128.37,1,-1,-1,-1
464,106,500.98,88.07,110.28,332.96,1,-1,-1,-1
465,12,243.23,161.44,39.24,119.69,1,-1,-1,-1
465,103,294.89,47.61,114.84,346.53,1,-1,-1,-1
465,105,414.34,208.28,41.77,127.03,1,-1,-1,-1
465,106,491.01,78.98,116.93,352.98,1,-1,-1,-1
466,12,243,161.22,39.07,119.16,1,-1,-1,-1
466,103,293.41,48.65,118.51,357.58,1,-1,-1,-1
466,105,408.57,206.2,43.69,132.88,1,-1,-1,-1
466,106,487.56,83.01,109.42,330.32,1,-1,-1,-1
467,12,242.78,161.13,39,118.97,1,-1,-1,-1
467,103,289.52,51.31,125.5,378.65,1,-1,-1,-1
467,105,409.35,210.24,42.98,130.74,1,-1,-1,-1
467,106,469.7,76.84,116.74,352.39,1,-1,-1,-1
468,12,242.58,161.09,38.98,118.91,1,-1,-1,-1
468,103,275.71,50.1,122.58,369.83,1,-1,-1,-1
468,106,458.03,71.51,114.14,344.54,1,-1,-1,-1
469,12,245.14,161.2,38.91,118.7,1,-1,-1,-1
469,103,265.65,34.79,127.04,383.27,1,-1,-1,-1
469,106,468.51,69.42,113.04,341.22,1,-1,-1,-1
470,12,242.54,156.64,41.18,125.62,1,-1,-1,-1
470,103,266.35,27.98,123.07,371.3,1,-1,-1,-1
470,106,465.53,79.61,107.63,324.88,1,-1,-1,-1
471,12,244.55,156.25,41.36,126.17,1,-1,-1,-1
471,103,266.74,25.4,121.44,366.38,1,-1,-1,-1
471,106,464.55,83.55,105.54,318.58,1,-1,-1,-1
472,103,262.42,25.66,126.54,381.75,1,-1,-1,-1
472,106,441.16,73.89,109.83,331.51,1,-1,-1,-1
473,103,260.84,25.81,128.42,387.4,1,-1,-1,-1
473,106,434.93,90.4,101.86,307.48,1,-1,-1,-1
474,103,260.3,25.95,129.11,389.48,1,-1,-1,-1
474,105,413.38,161.23,58.8,178.77,1,-1,-1,-1
474,106,429.72,91.65,101.13,305.29,1,-1,-1,-1
475,103,277.16,26.07,129.34,390.15,1,-1,-1,-1
475,105,414.04,158.71,59.86,181.98,1,-1,-1,-1
475,106,447.61,73.8,109.71,331.18,1,-1,-1,-1
476,103,278.87,27.4,135.48,408.64,1,-1,-1,-1
476,106,450.67,70.23,111.41,336.31,1,-1,-1,-1
477,103,287.5,25.61,126.2,380.65,1,-1,-1,-1
477,106,451.89,68.92,112.04,338.2,1,-1,-1,-1
478,103,282.62,27.39,134.4,405.36,1,-1,-1,-1
478,106,452.43,68.47,112.27,338.86,1,-1,-1,-1
479,103,285.61,26.82,131.32,396.06,1,-1,-1,-1
479,106,446.64,79.22,107.38,324.13,1,-1,-1,-1
480,103,274.11,25.49,124.3,374.89,1,-1,-1,-1
480,106,444.49,83.42,105.48,318.39,1,-1,-1,-1
481,103,265.09,26.2,127.41,384.27,1,-1,-1,-1
481,106,429.67,84.96,104.78,316.29,1,-1,-1,-1
481,110,512.8,67.67,103.04,311.1,1,-1,-1,-1
482,103,261.86,26.47,128.53,387.64,1,-1,-1,-1
482,106,429.38,74.47,109.55,330.68,1,-1,-1,-1
482,110,517.37,67.97,110.13,332.49,1,-1,-1,-1
483,103,268.31,39.28,117.92,355.67,1,-1,-1,-1
483,106,429.35,85.36,111.31,335.99,1,-1,-1,-1
483,110,503.19,68.19,112.46,339.52,1,-1,-1,-1
484,103,255.48,44.32,113.75,343.1,1,-1,-1,-1
484,106,414.65,89.61,111.99,338.02,1,-1,-1,-1
484,110,498.23,68.36,113.11,341.47,1,-1,-1,-1
485,103,246.64,48.28,117.79,355.29,1,-1,-1,-1
485,106,409.12,91.21,112.23,338.74,1,-1,-1,-1
485,110,496.75,68.47,113.19,341.72,1,-1,-1,-1
486,103,247.76,47.52,113.9,343.57,1,-1,-1,-1
486,106,394.51,80.11,117.61,354.98,1,-1,-1,-1
486,110,488.17,79.81,107.99,326,1,-1,-1,-1
487,103,244.07,49.31,117.88,355.58,1,-1,-1,-1
487,106,386.95,87.4,114.41,345.29,1,-1,-1,-1
487,110,485.28,84.1,105.91,319.73,1,-1,-1,-1
488,103,235.99,45.79,109.04,328.94,1,-1,-1,-1
488,106,384.25,90.31,113.08,341.28,1,-1,-1,-1
488,110,484.48,85.58,105.13,317.38,1,-1,-1,-1
489,103,233.04,44.31,105.6,318.59,1,-1,-1,-1
489,106,389.56,96.65,102.93,310.67,1,-1,-1,-1
489,110,477.38,90.15,109.92,331.85,1,-1,-1,-1
490,103,229.78,44.88,104,313.77,1,-1,-1,-1
490,106,371.32,81.4,114.52,345.62,1,-1,-1,-1
490,110,467.83,87.78,106.7,322.11,1,-1,-1,-1
491,106,363.95,87.67,113.23,341.74,1,-1,-1,-1
491,110,456.41,90.79,110.45,333.43,1,-1,-1,-1
492,106,369.36,95.51,103.07,311.09,1,-1,-1,-1
492,110,452.38,76.99,111.81,337.52,1,-1,-1,-1
493,106,361.4,103.39,103.89,313.59,1,-1,-1,-1
493,110,445.02,82.51,107.34,324.04,1,-1,-1,-1
494,103,196.56,26.81,118.64,357.91,1,-1,-1,-1
494,106,360.8,96.07,109.21,329.64,1,-1,-1,-1
494,110,442.53,84.65,105.57,318.68,1,-1,-1,-1
495,103,209.46,25.28,119.86,361.61,1,-1,-1,-1
495,106,372.4,89.39,106.26,320.74,1,-1,-1,-1
495,110,441.83,85.42,104.9,316.68,1,-1,-1,-1
496,103,219.8,23.69,115.06,347.12,1,-1,-1,-1
496,106,380.35,90.76,110.12,332.37,1,-1,-1,-1
496,110,441.79,85.68,104.66,315.95,1,-1,-1,-1
497,103,224,23.15,113.16,341.41,1,-1,-1,-1
497,106,380.26,101.1,106.6,321.78,1,-1,-1,-1
497,110,448.1,74.73,109.58,330.8,1,-1,-1,-1
498,103,229.57,21.99,107.45,324.21,1,-1,-1,-1
498,106,383.43,95.09,110.25,332.76,1,-1,-1,-1
498,110,450.52,70.67,111.4,336.29,1,-1,-1,-1
499,103,228.74,20.63,106.73,322.05,1,-1,-1,-1
499,106,370.96,81.27,116.86,352.7,1,-1,-1,-1
499,110,451.6,69.13,112.09,338.35,1,-1,-1,-1
500,106,376.67,83.54,109.32,329.94,1,-1,-1,-1
500,110,459.92,79.44,107.39,324.16,1,-1,-1,-1
501,103,200.57,27.26,133.39,402.42,1,-1,-1,-1
501,106,368.27,76.7,116.66,352.09,1,-1,-1,-1
501,110,455.3,72.4,110.58,333.78,1,-1,-1,-1
502,103,186.46,29.37,143.48,432.8,1,-1,-1,-1
502,106,378.76,85.73,114.06,344.23,1,-1,-1,-1
502,110,459.05,73.04,117.02,353.2,1,-1,-1,-1
503,103,181.93,29.21,146.39,441.58,1,-1,-1,-1
503,106,383.06,89.41,112.97,340.94,1,-1,-1,-1
503,110,462.84,80.83,109.4,330.21,1,-1,-1,-1
504,106,381.61,86.81,107.56,324.62,1,-1,-1,-1
504,110,471.66,72.91,111.29,335.91,1,-1,-1,-1
505,106,381.08,85.81,105.48,318.36,1,-1,-1,-1
505,110,474.83,70.05,111.96,337.94,1,-1,-1,-1
506,106,380.9,85.46,104.73,316.11,1,-1,-1,-1
506,110,476.01,68.99,112.21,338.67,1,-1,-1,-1
507,106,380.85,85.34,104.47,315.33,1,-1,-1,-1
507,110,476.43,68.62,112.29,338.9,1,-1,-1,-1
508,106,383.96,74.27,109.41,330.23,1,-1,-1,-1
508,110,476.55,68.52,112.3,338.95,1,-1,-1,-1
509,106,382.06,81.01,106.32,320.92,1,-1,-1,-1
509,110,476.57,68.51,112.3,338.92,1,-1,-1,-1
510,106,386.67,75.95,115.51,348.64,1,-1,-1,-1
510,110,476.55,68.53,112.28,338.88,1,-1,-1,-1
511,106,383.18,81.63,108.82,328.44,1,-1,-1,-1
511,110,476.51,68.56,112.27,338.83,1,-1,-1,-1
512,106,383.17,81.18,108.9,328.7,1,-1,-1,-1
512,110,476.48,68.6,112.25,338.78,1,-1,-1,-1
513,110,483.29,79.57,107.26,323.73,1,-1,-1,-1
514,110,485.87,83.78,105.34,317.95,1,-1,-1,-1
515,110,486.78,85.29,104.66,315.88,1,-1,-1,-1
515,114,85.56,64.54,104.43,315.04,1,-1,-1,-1
516,110,495.23,89.85,109.45,330.36,1,-1,-1,-1
516,114,96.92,77.11,98.47,297.05,1,-1,-1,-1
517,110,498.31,91.5,111.22,335.69,1,-1,-1,-1
517,114,115.39,80.65,96.89,292.32,1,-1,-1,-1
518,110,500.54,93.12,111.49,336.49,1,-1,-1,-1
518,114,120.68,81.46,96.57,291.36,1,-1,-1,-1
519,114,128.08,70.41,101.64,306.67,1,-1,-1,-1
520,103,178.66,1.52,149.15,449.81,1,-1,-1,-1
520,114,136.37,71.35,100.81,304.17,1,-1,-1,-1
521,103,191.59,21.79,141.04,425.31,1,-1,-1,-1
522,103,194.88,26.93,138.98,419.08,1,-1,-1,-1
523,103,195.99,28.69,138.28,416.96,1,-1,-1,-1
524,103,205.9,10.3,144.84,436.7,1,-1,-1,-1
524,114,131.49,80.63,80.35,242.51,1,-1,-1,-1
525,103,208.72,20.84,134.47,405.44,1,-1,-1,-1
525,114,130.48,81.29,78.78,237.83,1,-1,-1,-1
526,103,210.39,7.19,143.63,433.02,1,-1,-1,-1
526,114,143.71,76.98,86.54,261.28,1,-1,-1,-1
527,103,210.97,2.5,146.78,442.5,1,-1,-1,-1
527,114,148.18,75.54,89.13,269.12,1,-1,-1,-1
528,103,211.08,0.77,147.99,446.12,1,-1,-1,-1
528,114,154.5,83.05,86.13,260.1,1,-1,-1,-1
529,103,230.71,0.2,148.42,447.41,1,-1,-1,-1
529,114,164.14,90.09,89.13,269.18,1,-1,-1,-1
530,103,238.09,0.06,148.56,447.81,1,-1,-1,-1
530,106,381.03,106.24,104.64,315.85,1,-1,-1,-1
530,114,171.5,99.84,86.19,260.31,1,-1,-1,-1
530,116,119.66,160.88,50.33,153.07,1,-1,-1,-1
531,103,230.17,18.46,142.02,428.09,1,-1,-1,-1
531,106,380.98,106.83,104.53,315.54,1,-1,-1,-1
531,114,177.26,102.69,85.56,258.41,1,-1,-1,-1
531,116,109,159.49,51.82,157.59,1,-1,-1,-1
532,103,234.32,24.35,133.23,401.61,1,-1,-1,-1
532,106,380.97,107.04,104.49,315.44,1,-1,-1,-1
532,116,97.9,159.06,52.22,158.82,1,-1,-1,-1
533,103,228.16,27.78,136.32,410.94,1,-1,-1,-1
533,106,368.97,97.01,109.53,330.61,1,-1,-1,-1
533,116,83.24,151.07,54.9,166.95,1,-1,-1,-1
534,103,216.77,10.47,144.04,434.18,1,-1,-1,-1
534,106,359.62,98.51,101.84,307.45,1,-1,-1,-1
534,116,65.74,147.2,58.52,177.94,1,-1,-1,-1
535,103,212.49,4,146.92,442.87,1,-1,-1,-1
535,106,356.03,99.14,98.75,298.12,1,-1,-1,-1
535,110,424.54,85.85,104.71,316.07,1,-1,-1,-1
535,116,45.26,135.61,62.66,190.48,1,-1,-1,-1
536,103,210.8,1.51,148.03,446.2,1,-1,-1,-1
536,106,344.58,93.95,107.54,324.66,1,-1,-1,-1
536,110,422.54,85.5,104.52,315.51,1,-1,-1,-1
536,116,30.49,128.23,67.18,204.18,1,-1,-1,-1
536,118,120.66,146.06,49.66,151.16,1,-1,-1,-1
537,103,210.16,0.62,148.44,447.4,1,-1,-1,-1
537,106,340.55,92.12,110.65,334.01,1,-1,-1,-1
537,110,421.83,85.39,104.46,315.31,1,-1,-1,-1
537,116,16.81,112.17,72.06,218.93,1,-1,-1,-1
537,118,117.15,140.71,51.08,155.48,1,-1,-1,-1
538,103,209.93,0.34,148.56,447.77,1,-1,-1,-1
538,106,339.13,91.43,111.85,337.65,1,-1,-1,-1
538,110,421.71,85.36,104.44,315.28,1,-1,-1,-1
538,116,2.33,104.85,80.86,245.58,1,-1,-1,-1
538,118,116.19,139.13,51.5,156.75,1,-1,-1,-1
539,103,209.86,0.29,148.59,447.83,1,-1,-1,-1
539,106,335.55,90.61,112.64,340.01,1,-1,-1,-1
539,110,426.96,74.26,109.5,330.53,1,-1,-1,-1
539,116,-10.37,99,84.24,255.86,1,-1,-1,-1
539,118,117.49,139.01,49.18,149.69,1,-1,-1,-1
540,103,198.66,-20.74,155.6,468.94,1,-1,-1,-1
540,110,428.96,70.18,111.37,336.15,1,-1,-1,-1
540,118,116.69,138.49,50.84,154.72,1,-1,-1,-1
541,103,221.57,-7.87,138.86,418.51,1,-1,-1,-1
541,106,337.1,103.71,106.14,320.39,1,-1,-1,-1
541,110,438.62,79.56,107.12,323.34,1,-1,-1,-1
541,118,116.46,138.31,51.41,156.45,1,-1,-1,-1
541,119,105.4,86.82,73.69,223.2,1,-1,-1,-1
542,103,231.01,-2.34,131.93,397.66,1,-1,-1,-1
542,106,334.36,104.3,106.15,320.42,1,-1,-1,-1
542,110,448.62,72.2,110.49,333.5,1,-1,-1,-1
542,118,123.59,138.24,51.63,157.1,1,-1,-1,-1
542,119,116.39,90.35,73.85,223.68,1,-1,-1,-1
543,103,227.56,-0.34,149.92,451.86,1,-1,-1,-1
543,110,452.25,69.54,111.71,337.18,1,-1,-1,-1
543,118,124.83,137.23,54.23,164.98,1,-1,-1,-1
543,119,119.18,93.45,74.51,225.69,1,-1,-1,-1
544,103,235.87,0.32,149.26,449.87,1,-1,-1,-1
544,110,459.01,71.78,117.47,354.54,1,-1,-1,-1
544,118,117.85,136.86,55.19,167.87,1,-1,-1,-1
545,103,250.45,0.63,155.92,469.91,1,-1,-1,-1
545,110,461.52,72.65,119.63,361.04,1,-1,-1,-1
545,118,112.53,127.19,58.18,176.95,1,-1,-1,-1
545,120,188.22,148.74,48.24,146.58,1,-1,-1,-1
546,103,255.9,0.75,158.41,477.4,1,-1,-1,-1
546,110,471.76,69.88,115.19,347.63,1,-1,-1,-1
546,118,110.53,123.54,59.31,180.34,1,-1,-1,-1
546,120,190.7,148.77,50.84,154.49,1,-1,-1,-1
547,103,269.84,-21.46,166.75,502.51,1,-1,-1,-1
547,110,470.83,58.29,124.49,375.67,1,-1,-1,-1
547,118,109.8,122.16,59.73,181.57,1,-1,-1,-1
547,119,105.27,87.69,84.24,255.11,1,-1,-1,-1
547,120,193.11,140.08,54.38,165.24,1,-1,-1,-1
548,103,283.79,-28.45,162.58,489.92,1,-1,-1,-1
548,110,487.1,54.1,127.85,385.8,1,-1,-1,-1
548,118,111.11,115.27,65.68,199.59,1,-1,-1,-1
548,119,104.7,88.35,85.85,259.99,1,-1,-1,-1
548,120,195.06,135.4,58.36,177.33,1,-1,-1,-1
549,103,280.18,-32.62,168.29,507.09,1,-1,-1,-1
549,110,493.48,52.53,129.14,389.64,1,-1,-1,-1
549,118,110.12,118.91,62.29,189.26,1,-1,-1,-1
549,119,103.99,73.8,85.24,258.1,1,-1,-1,-1
549,120,202.11,135.33,57.13,173.57,1,-1,-1,-1
550,103,278.73,-34.13,170.39,513.4,1,-1,-1,-1
550,110,500.76,36.36,135.59,409.08,1,-1,-1,-1
550,118,102.15,104.91,66.65,202.47,1,-1,-1,-1
550,119,103.4,72.77,86.6,262.22,1,-1,-1,-1
550,120,198.24,125.69,59.22,179.9,1,-1,-1,-1
551,103,286.82,-33.1,163.71,493.27,1,-1,-1,-1
551,110,508.44,43.45,126.55,381.79,1,-1,-1,-1
551,118,94.2,94.76,71.41,216.85,1,-1,-1,-1
551,120,197.38,110.82,62.79,190.72,1,-1,-1,-1
552,103,280.74,-34.07,168.57,507.88,1,-1,-1,-1
552,110,513.13,40.8,127.65,385.13,1,-1,-1,-1
552,118,87.3,95.84,70.14,212.94,1,-1,-1,-1
552,120,197.05,110.07,67.1,203.77,1,-1,-1,-1
553,103,278.43,-34.38,170.33,513.18,1,-1,-1,-1
553,118,78.83,91.34,72.75,220.8,1,-1,-1,-1
553,120,196.82,113.45,65.8,199.8,1,-1,-1,-1
554,103,277.41,-34.41,170.95,515.04,1,-1,-1,-1
554,118,60.84,87.24,80.76,245.04,1,-1,-1,-1
554,120,188.14,115.12,65.14,197.78,1,-1,-1,-1
555,103,276.91,-34.34,171.13,515.57,1,-1,-1,-1
555,118,53.95,85.69,83.84,254.31,1,-1,-1,-1
555,120,184.22,112.28,67.86,205.97,1,-1,-1,-1
556,103,276.63,-34.24,171.15,515.6,1,-1,-1,-1
556,118,40.47,85.2,85.04,257.87,1,-1,-1,-1
556,120,171.89,106.81,72.04,218.63,1,-1,-1,-1
557,103,276.44,-34.14,171.11,515.46,1,-1,-1,-1
557,118,24.29,85.13,85.45,259.04,1,-1,-1,-1
557,120,160.86,103.74,80.63,244.62,1,-1,-1,-1
558,103,285.25,-32.54,163.53,492.62,1,-1,-1,-1
558,118,18.12,85.2,85.55,259.28,1,-1,-1,-1
558,120,156.54,91.94,83.99,254.73,1,-1,-1,-1
559,103,288.55,-31.85,160.55,483.66,1,-1,-1,-1
559,118,16.75,77.43,89.47,271.09,1,-1,-1,-1
559,120,154.86,87.17,85.28,258.58,1,-1,-1,-1
560,103,289.67,-31.56,159.46,480.37,1,-1,-1,-1
560,118,4.65,65.31,95.12,288.12,1,-1,-1,-1
560,120,149.64,77.62,89.6,271.58,1,-1,-1,-1
561,103,280.94,-32.95,166.68,502.11,1,-1,-1,-1
561,118,-1.83,61.56,97.38,294.97,1,-1,-1,-1
561,120,136.06,73.98,91.24,276.49,1,-1,-1,-1
562,103,281.97,-33.74,167.27,503.89,1,-1,-1,-1
562,120,119,72.69,91.81,278.15,1,-1,-1,-1
563,103,277.11,-33.58,169.86,511.69,1,-1,-1,-1
563,120,99.75,54.22,105.47,319.41,1,-1,-1,-1
564,103,264.67,-59.9,178.74,538.41,1,-1,-1,-1
564,120,92.44,47.22,110.66,335.01,1,-1,-1,-1
565,103,260.25,-69.25,181.9,547.9,1,-1,-1,-1
565,120,89.64,44.53,112.71,341.11,1,-1,-1,-1
566,103,258.97,-73.22,183.7,553.32,1,-1,-1,-1
566,120,64.38,31.46,123.99,375.13,1,-1,-1,-1
567,120,54.61,26.42,128.37,388.26,1,-1,-1,-1
568,120,37.02,8.27,142.08,429.59,1,-1,-1,-1
569,120,28.67,1.47,146.83,443.95,1,-1,-1,-1
569,123,411.91,30.46,118.29,357.27,1,-1,-1,-1
570,123,415.62,25.57,127.22,384.23,1,-1,-1,-1
571,123,431.18,23.05,124.25,375.22,1,-1,-1,-1
572,123,443.49,5.76,135.11,407.98,1,-1,-1,-1
573,123,449.21,-0.26,145.45,439.15,1,-1,-1,-1
574,123,455.25,-8.31,151.63,457.83,1,-1,-1,-1
580,110,508.4,63.81,104.9,316.56,1,-1,-1,-1
581,110,490.88,64.47,104.46,315.24,1,-1,-1,-1
582,110,487.03,64.7,104.28,314.72,1,-1,-1,-1
582,124,215.33,155.68,41.87,127.25,1,-1,-1,-1
583,110,485.82,79.46,104.26,314.67,1,-1,-1,-1
583,124,217.31,159,46.64,141.74,1,-1,-1,-1
584,110,483.21,83.1,103.62,312.76,1,-1,-1,-1
584,124,210.08,163.73,43.56,132.42,1,-1,-1,-1
585,124,200.8,153.84,46.96,142.75,1,-1,-1,-1
586,124,197.83,157.38,48.05,146.07,1,-1,-1,-1
587,124,192.19,152.02,50.79,154.4,1,-1,-1,-1
588,124,183.23,149.99,51.79,157.42,1,-1,-1,-1
589,124,158.6,148.73,54.6,165.93,1,-1,-1,-1
590,124,140.52,139.39,58.23,176.96,1,-1,-1,-1
591,124,123.2,133.57,62.36,189.48,1,-1,-1,-1
592,124,104.27,128.38,66.88,203.16,1,-1,-1,-1
593,124,84.67,129.24,65.75,199.7,1,-1,-1,-1
594,124,65.4,122.92,71.35,216.61,1,-1,-1,-1
595,124,50.85,115.88,76.78,233.05,1,-1,-1,-1
596,124,35.3,113.11,78.93,239.5,1,-1,-1,-1
597,124,20.05,106.32,83.32,252.73,1,-1,-1,-1
598,124,3.53,103.7,85.01,257.79,1,-1,-1,-1
599,124,-2.67,102.75,85.61,259.54,1,-1,-1,-1
600,124,-14.9,99.99,87.93,266.57,1,-1,-1,-1
601,129,163.91,155.42,41.87,127.25,1,-1,-1,-1
602,129,158.7,149.76,44.04,133.84,1,-1,-1,-1
603,129,157.16,154.84,44.71,135.91,1,-1,-1,-1
604,129,150.67,150.6,47.29,143.74,1,-1,-1,-1
605,129,133.25,143.34,61.95,188.27,1,-1,-1,-1
606,129,124.43,144.49,61.82,187.84,1,-1,-1,-1
607,129,123.6,132.27,67.13,203.93,1,-1,-1,-1
608,129,123.37,127.55,69.16,210.05,1,-1,-1,-1
609,129,118.47,124.62,72.23,219.38,1,-1,-1,-1
611,129,99.36,114.11,78.66,238.81,1,-1,-1,-1
612,129,89.24,106.28,83.51,253.45,1,-1,-1,-1
613,129,77.84,96.49,89.15,270.46,1,-1,-1,-1
614,129,61.97,92.67,91.34,277.02,1,-1,-1,-1
614,131,189.63,103.61,84.74,256.23,1,-1,-1,-1
615,129,54.75,88.52,94.68,287.13,1,-1,-1,-1
615,131,185.95,94.69,89.4,270.32,1,-1,-1,-1
616,131,184.77,91.95,90.9,274.84,1,-1,-1,-1
617,131,184.43,91.27,91.34,276.17,1,-1,-1,-1
617,132,129.04,141.75,47.68,144.36,1,-1,-1,-1
618,131,175.85,98.85,87.2,263.65,1,-1,-1,-1
618,132,121.29,140.21,47.8,144.75,1,-1,-1,-1
619,131,168.54,94.21,89.85,271.65,1,-1,-1,-1
619,132,111.33,139.5,47.99,145.38,1,-1,-1,-1
620,131,166.05,92.63,90.77,274.41,1,-1,-1,-1
620,132,98.55,138.73,50.7,153.58,1,-1,-1,-1
621,131,165.26,92.14,91.08,275.35,1,-1,-1,-1
621,132,91.35,137.43,54.22,164.27,1,-1,-1,-1
622,131,169.14,99.38,87.09,263.28,1,-1,-1,-1
622,132,83.97,137.34,55.11,166.97,1,-1,-1,-1
622,133,253.18,110.93,80.47,243.45,1,-1,-1,-1
623,131,166.68,107.26,89.68,271.1,1,-1,-1,-1
623,133,257.23,113.45,79.18,239.55,1,-1,-1,-1
624,131,165.83,110.08,90.6,273.89,1,-1,-1,-1
624,133,245.55,112.73,87.61,265.03,1,-1,-1,-1
625,131,169.59,117.59,86.9,262.7,1,-1,-1,-1
625,133,242.51,107.43,86.17,260.68,1,-1,-1,-1
626,131,175.08,105.91,93.98,284.08,1,-1,-1,-1
626,133,241.34,105.19,85.48,258.57,1,-1,-1,-1
627,131,173.26,104.6,88.33,267,1,-1,-1,-1
627,133,240.94,104.35,85.18,257.66,1,-1,-1,-1
628,131,180.85,96.67,90.08,272.29,1,-1,-1,-1
628,133,240.83,104.04,85.04,257.24,1,-1,-1,-1
629,131,179.32,98.16,95.02,287.22,1,-1,-1,-1
629,133,252.37,103.92,84.97,257.01,1,-1,-1,-1
630,131,197.13,101.59,88.68,268.06,1,-1,-1,-1
630,133,266.57,109.99,81.1,245.31,1,-1,-1,-1
631,131,204.3,114.59,86.06,260.15,1,-1,-1,-1
631,133,271.86,112.28,79.62,240.83,1,-1,-1,-1
632,131,204.41,112.75,89.22,269.69,1,-1,-1,-1
632,133,284.49,113.08,79.09,239.24,1,-1,-1,-1
633,131,218.7,113.2,82.61,249.73,1,-1,-1,-1
633,133,288.98,113.34,78.91,238.7,1,-1,-1,-1
634,131,223.44,107.1,83.88,253.57,1,-1,-1,-1
634,133,301.18,113.39,78.86,238.54,1,-1,-1,-1
634,134,54.66,30.82,148.17,446.38,1,-1,-1,-1
635,131,236.38,111,80.54,243.5,1,-1,-1,-1
635,133,305.54,113.38,78.85,238.53,1,-1,-1,-1
635,134,64.46,30.44,146.24,440.55,1,-1,-1,-1
636,131,241.08,112.49,79.29,239.73,1,-1,-1,-1
636,133,306.95,113.35,78.86,238.56,1,-1,-1,-1
636,134,88.76,30.77,147.89,445.53,1,-1,-1,-1
637,131,242.61,113.01,78.86,238.45,1,-1,-1,-1
637,133,307.27,113.31,78.88,238.61,1,-1,-1,-1
637,134,78.41,-16.25,164.16,494.56,1,-1,-1,-1
638,131,242.99,113.18,78.73,238.07,1,-1,-1,-1
638,133,307.2,113.27,78.89,238.65,1,-1,-1,-1
638,134,86.62,-27.31,167.22,503.77,1,-1,-1,-1
639,131,242.97,113.23,78.71,238.01,1,-1,-1,-1
639,133,307.02,113.24,78.9,238.69,1,-1,-1,-1
640,131,231.43,107.15,82.53,249.56,1,-1,-1,-1
640,133,296.19,113.21,78.92,238.73,1,-1,-1,-1
641,131,227.12,104.91,83.95,253.84,1,-1,-1,-1
641,133,292.01,113.19,78.93,238.76,1,-1,-1,-1
642,131,226.02,114.89,77.27,233.69,1,-1,-1,-1
642,133,290.37,113.16,78.94,238.79,1,-1,-1,-1
643,131,213.17,119.27,82.15,248.43,1,-1,-1,-1
643,133,289.72,113.14,78.94,238.82,1,-1,-1,-1
644,131,208.74,120.78,83.83,253.52,1,-1,-1,-1
644,133,286.54,118.04,75.43,228.2,1,-1,-1,-1
644,134,98.98,-3.81,160.35,483.07,1,-1,-1,-1
645,131,208.49,116.07,80.76,244.23,1,-1,-1,-1
645,133,277.47,114.89,77.68,235.01,1,-1,-1,-1
645,134,72.45,-1.06,151.8,457.33,1,-1,-1,-1
646,131,209.12,119.13,75.99,229.84,1,-1,-1,-1
646,133,274.22,113.75,78.49,237.47,1,-1,-1,-1
646,134,81.17,18.86,142.45,429.2,1,-1,-1,-1
647,131,197.88,126.07,77.84,235.42,1,-1,-1,-1
647,133,268.15,122.1,72.03,217.95,1,-1,-1,-1
647,134,70.7,6.75,153.42,462.22,1,-1,-1,-1
648,131,193.93,128.51,78.49,237.41,1,-1,-1,-1
648,133,268.67,131.51,72.92,220.63,1,-1,-1,-1
648,134,67.12,2.6,157.17,473.52,1,-1,-1,-1
649,131,203.75,133.58,75.24,227.58,1,-1,-1,-1
649,133,268.87,134.76,73.23,221.6,1,-1,-1,-1
649,134,65.7,1.04,158.62,477.88,1,-1,-1,-1
650,131,206.91,141.23,67.53,204.31,1,-1,-1,-1
650,133,260.56,131.66,76.91,232.71,1,-1,-1,-1
650,134,65.16,0.51,159.14,479.46,1,-1,-1,-1
651,131,199.13,131.66,67.92,205.53,1,-1,-1,-1
651,133,256.06,124.89,74.81,226.37,1,-1,-1,-1
651,134,64.97,0.36,159.31,479.96,1,-1,-1,-1
652,131,196.53,128.42,68.07,205.99,1,-1,-1,-1
652,133,254.41,122.13,73.98,223.87,1,-1,-1,-1
652,134,64.9,0.36,159.34,480.06,1,-1,-1,-1
653,131,195.03,133.25,71.5,216.38,1,-1,-1,-1
653,133,251.84,134.31,70.37,212.98,1,-1,-1,-1
653,134,64.89,0.41,159.33,480.01,1,-1,-1,-1
654,131,195.11,138.23,69.51,210.37,1,-1,-1,-1
654,133,251,138.88,69.03,208.93,1,-1,-1,-1
654,134,62.05,0.47,152.25,458.7,1,-1,-1,-1
655,131,195.24,140.11,68.76,208.11,1,-1,-1,-1
655,133,250.77,140.47,68.56,207.53,1,-1,-1,-1
655,134,63.87,0.54,156.69,472.07,1,-1,-1,-1
656,131,194.73,137.45,71.82,217.39,1,-1,-1,-1
656,133,250.77,131.64,68.42,207.1,1,-1,-1,-1
656,134,64.54,0.59,158.29,476.9,1,-1,-1,-1
657,131,194.56,126.67,72.95,220.81,1,-1,-1,-1
657,133,260.15,128.31,68.39,207.02,1,-1,-1,-1
657,134,64.8,0.63,158.9,478.71,1,-1,-1,-1
658,131,194.55,122.48,73.39,222.15,1,-1,-1,-1
658,133,263.69,127.05,68.4,207.07,1,-1,-1,-1
658,134,64.9,0.68,159.11,479.35,1,-1,-1,-1
659,131,204.34,124.8,70.3,212.8,1,-1,-1,-1
659,133,274.3,126.58,68.42,207.15,1,-1,-1,-1
659,134,77.83,0.71,145.56,438.57,1,-1,-1,-1
660,131,194.58,122.16,79.82,241.6,1,-1,-1,-1
660,133,268.99,126.41,68.44,207.23,1,-1,-1,-1
660,134,82.85,19.82,140.28,422.66,1,-1,-1,-1
661,131,193.27,126.25,79.57,240.82,1,-1,-1,-1
661,133,269.67,122.41,71.76,217.27,1,-1,-1,-1
661,134,88.66,27.92,145.22,437.56,1,-1,-1,-1
662,131,192.78,127.98,79.41,240.34,1,-1,-1,-1
662,133,272.62,127.78,66.75,202.13,1,-1,-1,-1
662,134,90.7,30.77,147,442.91,1,-1,-1,-1
663,131,192.63,128.66,79.33,240.08,1,-1,-1,-1
663,133,272.79,133.9,59.1,179,1,-1,-1,-1
663,134,100.88,46.38,134.96,406.68,1,-1,-1,-1
664,131,192.6,128.91,79.28,239.92,1,-1,-1,-1
664,133,268.01,128.85,65.4,198.09,1,-1,-1,-1
664,134,77.23,16.51,150.89,454.66,1,-1,-1,-1
665,131,201.67,123.78,82.98,251.1,1,-1,-1,-1
665,133,275.55,127.24,67.4,204.15,1,-1,-1,-1
665,134,85.74,25.7,149.36,450.07,1,-1,-1,-1
665,136,20.3,108.49,81.37,246.3,1,-1,-1,-1
666,131,206.5,127,80.69,244.15,1,-1,-1,-1
666,133,274.79,129.61,65.18,197.42,1,-1,-1,-1
666,134,89.2,29.44,148.72,448.14,1,-1,-1,-1
666,136,5.53,103.3,85.02,257.36,1,-1,-1,-1
667,131,208.41,117.73,79.73,241.25,1,-1,-1,-1
667,133,278.25,127.47,67.4,204.17,1,-1,-1,-1
667,134,90.48,11.07,148.47,447.38,1,-1,-1,-1
667,136,-12.74,94.17,90.32,273.37,1,-1,-1,-1
668,131,218.88,132.29,72.56,219.59,1,-1,-1,-1
668,133,279.49,126.7,68.22,206.63,1,-1,-1,-1
668,134,105.35,22.53,141.79,427.26,1,-1,-1,-1
668,136,-22.91,87.29,94.83,287.02,1,-1,-1,-1
669,131,221.53,131.58,66.61,201.59,1,-1,-1,-1
669,133,284.72,129.42,65.49,198.39,1,-1,-1,-1
669,134,96.26,8.2,145.94,439.78,1,-1,-1,-1
669,136,25.15,79.92,97.73,295.76,1,-1,-1,-1
670,131,223.73,128.11,67.71,204.96,1,-1,-1,-1
670,133,286.68,130.49,64.43,195.2,1,-1,-1,-1
670,134,112.59,3.05,147.44,444.3,1,-1,-1,-1
670,136,33.45,74.01,94.42,285.71,1,-1,-1,-1
671,131,229.49,140.45,62.09,187.99,1,-1,-1,-1
671,133,287.34,130.87,64.05,194.05,1,-1,-1,-1
671,134,113.49,19.47,141.46,426.29,1,-1,-1,-1
671,136,38.33,75.66,97.42,294.77,1,-1,-1,-1
672,131,234.01,143.38,63.02,190.8,1,-1,-1,-1
672,133,287.54,139.67,63.92,193.66,1,-1,-1,-1
672,134,113.67,25.89,139.15,419.35,1,-1,-1,-1
672,136,27.21,76.4,98.47,297.89,1,-1,-1,-1
673,131,241.29,146.07,60.43,183.02,1,-1,-1,-1
673,133,287.55,134.29,63.88,193.55,1,-1,-1,-1
673,134,113.64,28.22,138.33,416.88,1,-1,-1,-1
673,136,9.98,54.99,108.26,327.44,1,-1,-1,-1
674,131,239.95,133.15,65.66,198.85,1,-1,-1,-1
674,133,282.66,129.18,66.94,202.83,1,-1,-1,-1
674,134,125.89,27.79,131.86,397.39,1,-1,-1,-1
674,136,3.5,49,117.03,353.9,1,-1,-1,-1
675,131,237.61,131.68,64.45,195.2,1,-1,-1,-1
675,133,281,132.5,62.26,188.67,1,-1,-1,-1
675,134,117.83,28.84,135.76,409.17,1,-1,-1,-1
675,136,0.63,42.25,121.28,366.74,1,-1,-1,-1
676,131,238.93,142.55,58.42,176.97,1,-1,-1,-1
676,133,276.28,131.52,63.31,191.85,1,-1,-1,-1
676,134,114.91,29.19,137.17,413.43,1,-1,-1,-1
677,131,239.28,146.7,56.16,170.16,1,-1,-1,-1
677,133,274.6,131.17,63.69,192.99,1,-1,-1,-1
677,134,99.28,30.61,144.33,434.99,1,-1,-1,-1
677,141,394.81,99.61,97.56,294.82,1,-1,-1,-1
678,131,229.26,142.75,64.31,194.86,1,-1,-1,-1
678,133,273.98,131.04,63.83,193.45,1,-1,-1,-1
678,134,93.42,11.72,147.01,443.05,1,-1,-1,-1
678,141,388.44,108.68,92.85,280.6,1,-1,-1,-1
679,131,235.28,146.41,58.77,178.11,1,-1,-1,-1
679,133,277.71,141.27,61.04,185.01,1,-1,-1,-1
679,134,91.17,23.81,148.04,446.15,1,-1,-1,-1
679,141,386.48,111.58,91.2,275.6,1,-1,-1,-1
680,131,237.79,147.88,56.43,171.05,1,-1,-1,-1
680,133,275.14,143.46,62.89,190.61,1,-1,-1,-1
680,134,90.35,28.5,148.41,447.28,1,-1,-1,-1
680,141,379.68,119.42,86.27,260.72,1,-1,-1,-1
681,131,227.34,145.56,61.3,185.8,1,-1,-1,-1
681,133,274.23,144.22,63.56,192.63,1,-1,-1,-1
681,134,90.08,30.28,148.53,447.63,1,-1,-1,-1
681,141,377.57,121.85,84.66,255.87,1,-1,-1,-1
682,131,215.93,142.38,65.99,200,1,-1,-1,-1
682,133,269.82,146.14,60.98,184.83,1,-1,-1,-1
682,134,90.02,30.93,148.56,447.7,1,-1,-1,-1
682,141,370.19,115.58,88.52,267.53,1,-1,-1,-1
683,131,217.47,145.11,62.09,188.19,1,-1,-1,-1
683,133,268.16,146.81,59.99,181.84,1,-1,-1,-1
683,134,90.04,31.15,148.54,447.66,1,-1,-1,-1
683,141,372.29,105.35,94.33,285.07,1,-1,-1,-1
684,131,216.17,145.6,62.05,188.08,1,-1,-1,-1
684,133,271.71,136.6,62.52,189.52,1,-1,-1,-1
684,134,104.46,29.89,141.97,427.85,1,-1,-1,-1
684,141,368.75,109.3,92.17,278.54,1,-1,-1,-1
685,133,268.98,135.1,60.63,183.8,1,-1,-1,-1
685,134,110.04,29.36,139.42,420.18,1,-1,-1,-1
685,141,367.58,110.85,91.3,275.91,1,-1,-1,-1
686,133,267.94,134.53,59.89,181.57,1,-1,-1,-1
686,134,112.05,29.16,138.5,417.41,1,-1,-1,-1
686,141,367.27,111.39,90.98,274.95,1,-1,-1,-1
687,133,267.58,134.33,59.63,180.79,1,-1,-1,-1
687,134,112.75,29.06,138.17,416.45,1,-1,-1,-1
687,141,364.64,112.13,90.81,274.44,1,-1,-1,-1
688,131,209.12,132.4,63.8,193.39,1,-1,-1,-1
688,133,263.1,135.85,56.86,172.42,1,-1,-1,-1
688,134,98.43,30.35,144.7,436.11,1,-1,-1,-1
689,131,207.65,131.53,63.93,193.8,1,-1,-1,-1
689,133,261.27,132.51,61.48,186.41,1,-1,-1,-1
689,134,107.36,29.51,140.63,423.84,1,-1,-1,-1
690,131,208.35,130.9,64,194,1,-1,-1,-1
690,133,260.63,131.34,63.1,191.32,1,-1,-1,-1
690,134,96.35,30.49,145.65,438.97,1,-1,-1,-1
690,141,355.71,101.09,96.68,292.16,1,-1,-1,-1
691,131,207.1,130.05,64.13,194.38,1,-1,-1,-1
691,133,260.43,130.9,63.73,193.24,1,-1,-1,-1
691,134,92.31,30.85,147.49,444.51,1,-1,-1,-1
691,141,354.73,99.81,97.36,294.19,1,-1,-1,-1
692,133,260.4,130.75,63.97,193.96,1,-1,-1,-1
692,134,110.34,30.97,148.19,446.6,1,-1,-1,-1
692,141,354.42,99.37,97.6,294.89,1,-1,-1,-1
693,133,256.95,132.96,61.23,185.65,1,-1,-1,-1
693,134,112.01,29.69,141.89,427.64,1,-1,-1,-1
693,141,352.09,98.71,98.07,296.33,1,-1,-1,-1
693,145,42.85,120.83,63.98,193.94,1,-1,-1,-1
694,133,255.67,125.73,60.15,182.4,1,-1,-1,-1
694,134,112.61,29.18,139.44,420.25,1,-1,-1,-1
694,145,39.67,117.65,63.98,193.94,1,-1,-1,-1
695,133,258.95,125.21,57.08,173.1,1,-1,-1,-1
695,134,112.79,28.99,138.54,417.56,1,-1,-1,-1
695,145,30.71,112.79,67.39,204.26,1,-1,-1,-1
696,133,260.25,132.74,55.93,169.63,1,-1,-1,-1
696,134,118.17,30.25,144.86,436.58,1,-1,-1,-1
696,145,25.44,108.67,68.33,207.13,1,-1,-1,-1
697,133,265.17,133.87,58.24,176.65,1,-1,-1,-1
697,134,133.06,29.41,140.69,424.05,1,-1,-1,-1
697,141,349.51,93.19,91.75,277.23,1,-1,-1,-1
697,145,4.52,111.47,77.13,233.76,1,-1,-1,-1
698,133,266.95,134.28,59.09,179.21,1,-1,-1,-1
698,134,138.83,29.07,139.04,419.07,1,-1,-1,-1
698,141,339.34,97.39,95.73,289.24,1,-1,-1,-1
698,145,-3.59,108.61,79.5,240.96,1,-1,-1,-1
699,133,263.12,132.17,62.26,188.82,1,-1,-1,-1
699,134,140.86,28.94,138.44,417.25,1,-1,-1,-1
699,141,338.1,89.41,101.56,306.84,1,-1,-1,-1
700,133,263.04,132.14,62.53,189.65,1,-1,-1,-1
700,134,148.16,30.22,144.84,436.54,1,-1,-1,-1
700,141,345.02,103.08,94.99,286.99,1,-1,-1,-1
701,134,144.26,29.39,140.72,424.14,1,-1,-1,-1
701,141,338.39,100.78,96.67,292.07,1,-1,-1,-1
702,134,142.53,29.05,139.08,419.2,1,-1,-1,-1
702,141,333.36,107.71,92.96,280.86,1,-1,-1,-1
703,134,152.85,44.97,132.3,398.77,1,-1,-1,-1
703,141,330.97,108.54,92.75,280.22,1,-1,-1,-1
704,134,156.62,50.97,129.75,391.11,1,-1,-1,-1
705,134,146.68,36.84,135.11,407.28,1,-1,-1,-1
705,149,72.3,106.01,83.31,252.34,1,-1,-1,-1
706,134,143.04,31.7,137.07,413.18,1,-1,-1,-1
706,149,56.26,103.06,85.23,258.13,1,-1,-1,-1
707,134,128.51,31.03,144.39,435.24,1,-1,-1,-1
707,149,40.49,94.58,89.99,272.53,1,-1,-1,-1
708,134,123.04,30.79,147.15,443.52,1,-1,-1,-1
708,149,35.2,91.7,91.59,277.34,1,-1,-1,-1
709,134,115.71,29.41,141.72,427.16,1,-1,-1,-1
709,149,22.3,82.08,96.42,291.93,1,-1,-1,-1
710,134,112.91,28.89,139.54,420.6,1,-1,-1,-1
710,149,4.84,78.62,98.15,297.11,1,-1,-1,-1
711,134,111.94,28.71,138.72,418.15,1,-1,-1,-1
711,149,-6.49,73.25,101.29,306.61,1,-1,-1,-1
712,134,118.13,42.34,126.52,381.38,1,-1,-1,-1
713,134,113.92,33.43,134.16,404.42,1,-1,-1,-1
714,134,112.48,30.4,136.76,412.25,1,-1,-1,-1
714,141,276.1,86.12,104.21,314.8,1,-1,-1,-1
715,134,111.98,29.23,137.78,415.32,1,-1,-1,-1
715,141,271.81,84.85,104.91,316.92,1,-1,-1,-1
715,150,17.22,84.37,78.96,238.74,1,-1,-1,-1
716,134,124.04,27.58,132.05,398.05,1,-1,-1,-1
716,150,18.59,85.4,83.21,251.59,1,-1,-1,-1
717,134,128.74,26.97,129.83,391.4,1,-1,-1,-1
717,150,18.92,85.84,84.56,255.7,1,-1,-1,-1
718,134,130.45,44.17,129.04,389.02,1,-1,-1,-1
718,150,6.81,67.28,93.93,284.01,1,-1,-1,-1
719,134,141.42,48.21,122.99,370.8,1,-1,-1,-1
719,150,2.54,73.82,97.21,293.89,1,-1,-1,-1
720,134,145.5,49.65,120.75,364.06,1,-1,-1,-1
720,150,0.94,66.5,102.98,311.33,1,-1,-1,-1
721,134,142.73,36.18,132.1,398.27,1,-1,-1,-1
721,150,0.37,61.04,100.56,303.99,1,-1,-1,-1
722,134,135.71,46.96,130.14,392.37,1,-1,-1,-1
722,150,0.29,49.91,109.01,329.48,1,-1,-1,-1
723,134,143.07,49,123.6,372.69,1,-1,-1,-1
723,150,0.26,45.84,112.12,338.83,1,-1,-1,-1
724,134,145.84,49.71,121.12,365.21,1,-1,-1,-1
724,150,-16.35,32.03,123.96,374.57,1,-1,-1,-1
725,134,142.64,36.07,132.3,398.93,1,-1,-1,-1
725,150,-19.22,26.37,128.15,387.23,1,-1,-1,-1
726,134,145.47,44.48,124.75,376.16,1,-1,-1,-1
726,151,256.56,156.63,48.97,148.7,1,-1,-1,-1
727,134,146.55,47.96,121.63,366.76,1,-1,-1,-1
727,151,255.13,151.08,50.86,154.43,1,-1,-1,-1
728,134,146.9,49.22,120.5,363.38,1,-1,-1,-1
728,151,262.46,149.4,51.45,156.21,1,-1,-1,-1
729,134,146.99,49.66,120.11,362.21,1,-1,-1,-1
729,151,264.99,148.96,51.3,155.77,1,-1,-1,-1
730,134,146.98,49.79,119.99,361.86,1,-1,-1,-1
731,134,146.95,49.82,119.97,361.82,1,-1,-1,-1
731,141,314.43,118.35,97.77,295.34,1,-1,-1,-1
732,134,136.58,69.38,125.74,379.22,1,-1,-1,-1
732,141,317.29,110.13,102.65,310.04,1,-1,-1,-1
733,134,136.49,70.02,116.98,352.81,1,-1,-1,-1
733,141,319.14,110.75,102.89,310.77,1,-1,-1,-1
734,134,132.59,76.91,124.83,376.47,1,-1,-1,-1
735,134,131.23,79.31,127.57,384.73,1,-1,-1,-1
736,134,130.74,63.17,128.63,387.92,1,-1,-1,-1
736,141,314.65,111.43,92.31,278.83,1,-1,-1,-1
737,134,130.58,56.83,129.02,389.1,1,-1,-1,-1
737,141,313.99,111.46,91.04,275.03,1,-1,-1,-1
737,151,254.94,159.07,51.78,157.24,1,-1,-1,-1
738,134,130.56,54.38,129.15,389.49,1,-1,-1,-1
738,141,314.58,111.9,90.04,272,1,-1,-1,-1
738,151,256.35,158.98,49.38,149.99,1,-1,-1,-1
739,134,134.36,63.88,118.17,356.41,1,-1,-1,-1
739,151,257.65,164.23,46.36,140.83,1,-1,-1,-1
740,134,126.02,70.91,119.38,360.05,1,-1,-1,-1
740,151,257.29,160.75,47.5,144.33,1,-1,-1,-1
741,134,132.75,70.11,114.43,345.16,1,-1,-1,-1
741,151,263.73,159.52,47.91,145.58,1,-1,-1,-1
742,134,135.36,69.71,112.59,339.6,1,-1,-1,-1
742,151,260.4,164.23,45.9,139.5,1,-1,-1,-1
743,134,136.32,69.52,111.95,337.69,1,-1,-1,-1
743,151,259.08,166,45.15,137.24,1,-1,-1,-1
744,134,136.67,69.41,111.75,337.12,1,-1,-1,-1
744,151,259.25,167.02,44.64,135.71,1,-1,-1,-1
745,134,136.79,69.34,111.72,337.03,1,-1,-1,-1
746,134,127.17,72.52,117.13,353.35,1,-1,-1,-1
747,134,129.32,60.12,124.79,376.44,1,-1,-1,-1
748,134,148.43,65.58,116.95,352.81,1,-1,-1,-1
749,134,147.6,71.11,119.13,359.38,1,-1,-1,-1
749,157,106.67,116.53,65.17,197.56,1,-1,-1,-1
750,134,162.63,80.78,109.65,330.8,1,-1,-1,-1
750,141,335.69,99.72,97.23,293.71,1,-1,-1,-1
750,157,105.06,108.17,71.51,216.76,1,-1,-1,-1
751,134,168.41,84.5,105.94,319.62,1,-1,-1,-1
751,141,337.21,99.01,97.49,294.5,1,-1,-1,-1
751,157,98.64,99.59,77.22,234.03,1,-1,-1,-1
752,134,176.04,81.92,99.88,301.37,1,-1,-1,-1
752,141,342.71,128.79,87.85,265.44,1,-1,-1,-1
752,157,96.39,96.54,79.24,240.15,1,-1,-1,-1
753,134,187.43,70.27,102.56,309.48,1,-1,-1,-1
753,141,344.57,130.72,87.26,263.64,1,-1,-1,-1
753,157,88.85,88.7,83.69,253.6,1,-1,-1,-1
754,134,195.98,76.51,98.82,298.22,1,-1,-1,-1
754,157,90.17,77.86,89.28,270.5,1,-1,-1,-1
755,134,198.95,78.9,97.47,294.17,1,-1,-1,-1
755,141,349.92,114.56,90.23,272.63,1,-1,-1,-1
755,157,86.83,81.65,87.45,264.91,1,-1,-1,-1
756,134,204.38,72.36,106.88,322.58,1,-1,-1,-1
756,141,351.95,114.47,90.05,272.1,1,-1,-1,-1
756,157,77.65,75.5,90.51,274.14,1,-1,-1,-1
757,134,211.11,80.75,105.36,317.99,1,-1,-1,-1
757,157,64.96,63.95,95.84,290.22,1,-1,-1,-1
758,134,208.56,73.14,109.75,331.23,1,-1,-1,-1
758,157,51.34,50.76,107.12,324.26,1,-1,-1,-1
759,134,215.97,77.42,101.89,307.55,1,-1,-1,-1
759,157,33.04,32.62,116.51,352.61,1,-1,-1,-1
760,134,218.59,79.13,98.75,298.09,1,-1,-1,-1
760,157,25.67,25.33,120.29,363.92,1,-1,-1,-1
761,134,219.39,79.73,97.64,294.76,1,-1,-1,-1
761,157,7.66,7.35,127.11,384.47,1,-1,-1,-1
762,134,219.53,79.93,97.27,293.64,1,-1,-1,-1
762,157,-0.21,-0.68,131.62,398.11,1,-1,-1,-1
763,134,219.44,79.99,97.16,293.34,1,-1,-1,-1
764,134,215.58,69.68,101.84,307.47,1,-1,-1,-1
765,134,227.88,79.68,103.58,312.7,1,-1,-1,-1
765,162,160.21,150.72,40.13,121.97,1,-1,-1,-1
765,163,122.76,173.88,25.02,77.03,1,-1,-1,-1
766,134,228.65,72.72,109.19,329.64,1,-1,-1,-1
766,162,161.17,159.72,36.81,111.86,1,-1,-1,-1
766,163,123.69,177.93,24.07,74.11,1,-1,-1,-1
767,134,219.08,67.16,106.45,321.36,1,-1,-1,-1
767,163,123.85,181.3,23.91,73.63,1,-1,-1,-1
767,164,194.21,153.6,39.73,121.23,1,-1,-1,-1
768,134,215.1,64.97,105.32,317.95,1,-1,-1,-1
768,162,118.57,139.47,51.09,155.27,1,-1,-1,-1
768,164,186.5,149.24,43.61,133.05,1,-1,-1,-1
769,134,217.2,74.4,100.23,302.62,1,-1,-1,-1
769,162,108.8,139.26,52.81,160.5,1,-1,-1,-1
769,164,184.14,147.89,44.81,136.71,1,-1,-1,-1
770,134,217.94,78.04,98.29,296.77,1,-1,-1,-1
770,164,180.92,152.56,43.1,131.47,1,-1,-1,-1
771,134,218.16,79.36,97.6,294.68,1,-1,-1,-1
771,164,169.74,149.3,44.5,135.72,1,-1,-1,-1
772,134,209.53,72.54,107.08,323.31,1,-1,-1,-1
772,162,88.3,138.85,49.55,150.59,1,-1,-1,-1
772,164,161.18,141.56,49.52,151,1,-1,-1,-1
773,134,214.73,77.07,101.18,305.5,1,-1,-1,-1
773,162,76.19,130.78,51.37,156.14,1,-1,-1,-1
773,164,157.59,139.15,49.13,149.78,1,-1,-1,-1
774,134,216.87,78.96,98.71,298.04,1,-1,-1,-1
774,141,339.25,85.69,104.35,315.22,1,-1,-1,-1
774,157,143.78,90.33,73.61,222.71,1,-1,-1,-1
774,162,66.97,129.67,52.32,159,1,-1,-1,-1
774,164,150,138.29,48.87,148.97,1,-1,-1,-1
775,134,217.64,79.64,97.8,295.32,1,-1,-1,-1
775,141,338.8,85.02,104.71,316.27,1,-1,-1,-1
775,157,149.61,93.06,71.68,216.88,1,-1,-1,-1
775,164,147.36,137.62,51.03,155.51,1,-1,-1,-1
776,134,217.89,79.88,97.48,294.35,1,-1,-1,-1
776,141,338.32,83.61,105.39,318.34,1,-1,-1,-1
776,164,139.66,137.41,51.82,157.9,1,-1,-1,-1
777,134,214.28,83.71,102.05,308.15,1,-1,-1,-1
777,162,35.5,125.56,55.47,168.57,1,-1,-1,-1
777,164,135.92,136.44,54.53,166.08,1,-1,-1,-1
778,134,216.54,94.27,99.16,299.43,1,-1,-1,-1
778,162,25.91,124.38,56.44,171.53,1,-1,-1,-1
778,163,98.75,170.33,31.28,96.25,1,-1,-1,-1
778,164,134.61,136.11,55.54,169.14,1,-1,-1,-1
779,134,232.24,106.23,93.64,282.79,1,-1,-1,-1
779,157,122.24,70.38,84.23,254.8,1,-1,-1,-1
779,163,96.91,170.12,31.8,97.85,1,-1,-1,-1
779,164,132.79,134.5,58.49,178.05,1,-1,-1,-1
780,134,223.04,102.62,96.02,289.98,1,-1,-1,-1
780,157,114.9,72.57,88.76,268.46,1,-1,-1,-1
780,164,130.04,131.74,62.35,189.72,1,-1,-1,-1
781,134,234.44,96.94,92.54,279.49,1,-1,-1,-1
781,157,113.35,71.64,89.96,272.09,1,-1,-1,-1
781,164,129.06,122.48,63.84,194.21,1,-1,-1,-1
782,134,239.54,102.04,87.1,263.09,1,-1,-1,-1
782,157,111.42,73.68,90.91,274.92,1,-1,-1,-1
782,164,120.56,127.09,64.39,195.82,1,-1,-1,-1
783,134,238.81,87.37,93.8,283.32,1,-1,-1,-1
783,157,110.82,74.06,91.24,275.9,1,-1,-1,-1
783,164,117.34,129,64.56,196.26,1,-1,-1,-1
784,134,240.95,98.03,87.84,265.35,1,-1,-1,-1
784,157,93.55,53.48,100.34,303.35,1,-1,-1,-1
784,162,-1.14,135.47,55.97,170.07,1,-1,-1,-1
784,164,108.23,123,70.75,215,1,-1,-1,-1
784,166,196.02,126.28,68.68,208.18,1,-1,-1,-1
785,134,241.66,102.32,85.48,258.23,1,-1,-1,-1
785,157,90.2,50.65,102.35,309.44,1,-1,-1,-1
785,162,-8.4,135.68,56.46,171.56,1,-1,-1,-1
785,164,99.49,116.09,76.42,232.13,1,-1,-1,-1
785,166,181.79,116.09,76.54,231.98,1,-1,-1,-1
786,134,241.84,115.43,84.66,255.78,1,-1,-1,-1
786,164,86.1,103.35,78.67,238.89,1,-1,-1,-1
786,166,177.07,112.74,79.12,239.8,1,-1,-1,-1
787,134,241.08,113.56,88.52,267.44,1,-1,-1,-1
787,164,73.62,102.58,83.12,252.29,1,-1,-1,-1
787,166,168.38,110.54,87.96,266.55,1,-1,-1,-1
788,134,251.97,113.96,82.16,248.27,1,-1,-1,-1
788,164,58.04,102.34,84.84,257.42,1,-1,-1,-1
788,166,161.7,110.91,83.54,253.12,1,-1,-1,-1
789,134,245.29,107.72,83.59,252.61,1,-1,-1,-1
789,164,41.09,102.36,85.46,259.21,1,-1,-1,-1
789,166,144.55,102.26,93.7,283.85,1,-1,-1,-1
790,134,242.85,111.57,80.3,242.7,1,-1,-1,-1
790,164,24.45,95.42,89.54,271.49,1,-1,-1,-1
790,166,125.87,99.14,97.37,294.89,1,-1,-1,-1
791,134,241.85,112.98,79.1,239.09,1,-1,-1,-1
791,164,6.52,92.79,91.09,276.1,1,-1,-1,-1
791,166,110.48,89.07,103.17,312.41,1,-1,-1,-1
792,134,241.47,124.23,78.7,237.91,1,-1,-1,-1
792,164,-2.87,90,93.34,282.94,1,-1,-1,-1
792,166,95.12,74.68,110.13,333.4,1,-1,-1,-1
793,134,229.86,122.94,82.43,249.17,1,-1,-1,-1
793,166,72.13,79.47,108.1,327.16,1,-1,-1,-1
794,134,226.32,117.14,80.06,242.02,1,-1,-1,-1
794,166,51.55,71.07,111.86,338.46,1,-1,-1,-1
795,134,225,114.76,79.16,239.32,1,-1,-1,-1
795,166,15.08,42.41,129.79,392.6,1,-1,-1,-1
795,170,297.21,29.42,118.52,357.51,1,-1,-1,-1
795,171,416.96,26.59,129.07,389.35,1,-1,-1,-1
796,134,224.56,124.54,78.85,238.4,1,-1,-1,-1
796,166,0.75,35.4,134.87,407.97,1,-1,-1,-1
796,170,291.2,42.61,120.15,362.43,1,-1,-1,-1
796,171,417.07,25.86,129.35,390.19,1,-1,-1,-1
797,134,224.39,122.41,75.21,227.42,1,-1,-1,-1
797,170,286.03,31.1,126.94,382.91,1,-1,-1,-1
797,171,418.54,27.24,136.13,410.6,1,-1,-1,-1
797,172,114.76,161,39,119,1,-1,-1,-1
798,134,224.45,116.47,77.48,234.3,1,-1,-1,-1
798,170,288.05,42.8,123.2,371.62,1,-1,-1,-1
798,171,417.62,26.5,131.95,398,1,-1,-1,-1
798,172,112.41,156.68,41.16,125.57,1,-1,-1,-1
799,134,224.43,119.25,74.78,226.16,1,-1,-1,-1
799,163,65.05,161.07,38.81,119.16,1,-1,-1,-1
799,170,285.76,49.88,127.64,385.02,1,-1,-1,-1
799,171,418.02,24.89,133.16,401.64,1,-1,-1,-1
799,172,106.39,159.35,39.82,121.51,1,-1,-1,-1
799,173,168.7,182.23,32.86,100.66,1,-1,-1,-1
799,174,159.2,127.65,51.8,157.53,1,-1,-1,-1
800,134,222.43,118.63,67.31,203.6,1,-1,-1,-1
800,163,58.38,151.73,43.06,131.97,1,-1,-1,-1
800,170,280.16,36.08,135.43,408.49,1,-1,-1,-1
800,172,98.67,160.43,39.29,119.87,1,-1,-1,-1
800,173,162.94,172.51,37.53,114.96,1,-1,-1,-1
800,174,157.53,127.39,52.44,159.48,1,-1,-1,-1
801,134,212.76,114.88,74.98,226.81,1,-1,-1,-1
801,163,56.79,157.2,40.64,124.45,1,-1,-1,-1
801,170,278.2,30.91,138.27,417.05,1,-1,-1,-1
801,172,90.56,160.81,39.09,119.28,1,-1,-1,-1
801,173,155.46,169,39.18,119.99,1,-1,-1,-1
802,134,219.19,122.33,70.78,214.13,1,-1,-1,-1
802,163,56.3,159.56,39.6,121.19,1,-1,-1,-1
802,170,277.66,28.95,139.24,419.96,1,-1,-1,-1
802,172,82.36,160.95,39.03,119.07,1,-1,-1,-1
802,173,154.25,170.21,41.57,127.29,1,-1,-1,-1
803,134,222.71,121.33,72.47,219.25,1,-1,-1,-1
803,163,55.65,157.92,43.12,131.88,1,-1,-1,-1
803,170,277.64,28.27,139.49,420.7,1,-1,-1,-1
803,172,76.7,161,39,119,1,-1,-1,-1
803,173,152.38,173.78,40.56,124.16,1,-1,-1,-1
804,134,223.99,120.96,73.08,221.12,1,-1,-1,-1
804,163,55.41,157.33,44.41,135.72,1,-1,-1,-1
804,170,285.95,41.68,127.66,385.03,1,-1,-1,-1
804,172,85.47,167.44,39,118.99,1,-1,-1,-1
804,173,157.2,175.39,40.01,122.44,1,-1,-1,-1
804,174,159.1,125.49,55.46,168.65,1,-1,-1,-1
804,176,204.65,192.08,27.28,83.85,1,-1,-1,-1
805,134,224.55,115.88,76.85,232.54,1,-1,-1,-1
805,163,61.33,157.11,44.9,137.18,1,-1,-1,-1
805,170,289.45,47.04,122.86,370.55,1,-1,-1,-1
805,172,81.86,168.39,38.98,118.92,1,-1,-1,-1
805,173,159.14,176.07,39.73,121.55,1,-1,-1,-1
805,174,159.2,125.35,55.69,169.33,1,-1,-1,-1
805,176,206.57,185.5,28.8,88.5,1,-1,-1,-1
806,134,234.41,118.8,74.81,226.36,1,-1,-1,-1
806,163,66.47,155.82,43.11,131.65,1,-1,-1,-1
806,170,307.22,48.95,121.13,365.33,1,-1,-1,-1
806,173,165.27,176.37,39.57,121.04,1,-1,-1,-1
806,174,166.83,125.3,55.77,169.56,1,-1,-1,-1
806,176,207.24,184.39,29.32,90.12,1,-1,-1,-1
807,134,248.23,119.96,74,223.91,1,-1,-1,-1
807,163,68.52,155.34,42.37,129.38,1,-1,-1,-1
807,170,313.69,49.61,120.5,363.44,1,-1,-1,-1
807,173,169.97,173.53,41.33,126.41,1,-1,-1,-1
807,174,167.52,124.99,56.34,171.27,1,-1,-1,-1
808,134,253.33,120.38,73.7,223.02,1,-1,-1,-1
808,163,72.56,150.33,44.1,134.62,1,-1,-1,-1
808,170,332.2,47.64,114.85,346.42,1,-1,-1,-1
808,173,173.78,168.54,43.94,134.34,1,-1,-1,-1
809,134,265.05,130.43,73.6,222.72,1,-1,-1,-1
809,163,77.49,148.95,46.86,142.97,1,-1,-1,-1
809,170,339.14,49.07,118.25,356.67,1,-1,-1,-1
809,173,181.12,166.64,44.94,137.33,1,-1,-1,-1
810,134,275.87,137.44,70.28,212.69,1,-1,-1,-1
810,163,87.75,153.88,45.83,139.8,1,-1,-1,-1
810,170,341.53,65.66,119.47,360.36,1,-1,-1,-1
810,171,468.02,26.63,129.25,389.84,1,-1,-1,-1
810,173,187.14,169.85,43.33,132.4,1,-1,-1,-1
810,176,236.33,181.95,33.56,103.09,1,-1,-1,-1
811,134,283.21,126.63,72.37,219.04,1,-1,-1,-1
811,163,89.69,150.35,47.52,144.9,1,-1,-1,-1
811,170,358.42,40.9,125.69,379.11,1,-1,-1,-1
811,171,473.78,28.17,135.74,409.4,1,-1,-1,-1
811,173,192.34,167.22,44.63,136.31,1,-1,-1,-1
811,176,241.16,182.35,32.37,99.41,1,-1,-1,-1
812,134,285.77,122.73,73.13,221.34,1,-1,-1,-1
812,163,91.63,149.61,48.15,146.83,1,-1,-1,-1
812,170,364.62,31.62,128.01,386.1,1,-1,-1,-1
812,171,477.56,28.09,136.42,411.43,1,-1,-1,-1
812,173,194.23,166.26,45.1,137.7,1,-1,-1,-1
812,176,242.53,178.54,36.85,113.11,1,-1,-1,-1
812,177,266.13,188.66,29.28,90.3,1,-1,-1,-1
813,134,286.55,121.23,73.43,222.24,1,-1,-1,-1
813,163,100.1,155.25,45.8,139.65,1,-1,-1,-1
813,170,370.35,29.99,128.81,388.5,1,-1,-1,-1
813,173,188.9,165.94,45.25,138.13,1,-1,-1,-1
813,176,246.44,177.47,37.88,116.28,1,-1,-1,-1
813,177,267.8,192.56,29.49,90.91,1,-1,-1,-1
814,134,296.53,120.65,73.55,222.6,1,-1,-1,-1
814,163,100.53,150.77,47.51,144.82,1,-1,-1,-1
814,170,387.52,27.3,129.09,389.34,1,-1,-1,-1
814,173,186.75,165.86,45.28,138.18,1,-1,-1,-1
814,174,194,122.29,59.55,181,1,-1,-1,-1
814,176,243.42,170.85,38.83,119.11,1,-1,-1,-1
814,177,267.62,192.92,28.08,86.56,1,-1,-1,-1
815,134,305.32,133.56,70.32,212.84,1,-1,-1,-1
815,163,102.38,154.77,45.98,140.14,1,-1,-1,-1
815,170,392.04,26.52,129.23,389.77,1,-1,-1,-1
815,173,185.86,165.87,45.26,138.1,1,-1,-1,-1
815,174,196.42,121.93,60.06,182.54,1,-1,-1,-1
815,176,243.01,174.34,39.17,120.11,1,-1,-1,-1
815,177,268.1,194.3,28.94,89.21,1,-1,-1,-1
816,134,308.42,138.5,69.08,209.13,1,-1,-1,-1
816,163,94.72,150.73,47.52,144.81,1,-1,-1,-1
816,170,393.65,27.5,135.39,408.32,1,-1,-1,-1
816,173,187.68,160.8,47.36,144.47,1,-1,-1,-1
816,176,237.61,170.49,39.29,120.43,1,-1,-1,-1
816,177,267.6,193.62,27.88,85.91,1,-1,-1,-1
817,134,309.37,130.91,68.65,207.82,1,-1,-1,-1
817,163,89.15,142.4,50.36,153.41,1,-1,-1,-1
817,170,392.93,9.9,144.1,434.56,1,-1,-1,-1
817,173,182,158.9,48.15,146.83,1,-1,-1,-1
817,176,235.42,169.04,39.32,120.45,1,-1,-1,-1
817,177,267.35,193.37,27.46,84.6,1,-1,-1,-1
818,134,314.28,124.1,71.82,217.41,1,-1,-1,-1
818,163,89.66,145.98,49.2,149.86,1,-1,-1,-1
818,170,392.51,3.13,147.44,444.6,1,-1,-1,-1
818,173,182.28,157.51,48.96,149.32,1,-1,-1,-1
818,176,234.49,168.53,39.3,120.36,1,-1,-1,-1
818,177,263.69,190.29,28.66,88.29,1,-1,-1,-1
819,134,315.99,121.6,72.99,220.95,1,-1,-1,-1
819,163,83.66,139.62,53.46,162.76,1,-1,-1,-1
819,170,411.22,0.56,142.29,429.04,1,-1,-1,-1
819,173,172.95,158.58,51.18,156.04,1,-1,-1,-1
819,174,207.09,122.1,59.77,181.6,1,-1,-1,-1
819,176,233.75,165.07,41.11,125.84,1,-1,-1,-1
819,177,259.32,175.92,35.39,108.93,1,-1,-1,-1
820,134,320.95,124.54,70.19,212.49,1,-1,-1,-1
820,163,81.16,144.89,50.44,153.55,1,-1,-1,-1
820,170,418.47,-0.27,146.69,442.28,1,-1,-1,-1
820,173,163.9,158.71,54.26,165.35,1,-1,-1,-1
820,174,209.59,121.88,60.07,182.53,1,-1,-1,-1
820,176,226.43,165.39,43.73,133.8,1,-1,-1,-1
820,177,258.64,173.36,36.51,112.39,1,-1,-1,-1
821,134,318.05,121.73,72.42,219.24,1,-1,-1,-1
821,163,72.93,139.23,53.92,164.12,1,-1,-1,-1
821,170,421.04,-0.52,148.29,447.1,1,-1,-1,-1
821,173,152.38,150.57,57.95,176.52,1,-1,-1,-1
821,176,219.58,163.96,42.83,130.99,1,-1,-1,-1
821,177,251.43,181.32,38.43,118.18,1,-1,-1,-1
822,134,310.72,115.85,76.71,232.23,1,-1,-1,-1
822,163,67.03,138.13,52.79,160.66,1,-1,-1,-1
822,170,426.94,-3.3,150.02,452.32,1,-1,-1,-1
822,173,138.09,145.78,62.1,189.05,1,-1,-1,-1
822,176,211.18,163.46,42.41,129.66,1,-1,-1,-1
822,177,244.3,177.97,39.05,120.01,1,-1,-1,-1
823,134,313.98,128.05,74.91,226.78,1,-1,-1,-1
823,163,64.72,144.68,52.3,159.12,1,-1,-1,-1
823,173,125.88,138.52,69.71,212.12,1,-1,-1,-1
823,176,202.37,168.92,42.23,129.06,1,-1,-1,-1
823,177,241.61,181.86,39.27,120.63,1,-1,-1,-1
824,134,315.14,132.98,74.16,224.51,1,-1,-1,-1
824,163,56.97,147.21,52.09,158.47,1,-1,-1,-1
824,173,116.12,138.69,69.71,212,1,-1,-1,-1
824,174,186.18,118.23,63.64,193.27,1,-1,-1,-1
824,176,199.05,165.43,42.14,128.76,1,-1,-1,-1
824,177,240.61,178.29,39.33,120.74,1,-1,-1,-1
825,134,315.49,134.82,73.87,223.63,1,-1,-1,-1
825,163,49.16,140.28,54.46,165.65,1,-1,-1,-1
825,173,107.83,135.78,72.73,221.1,1,-1,-1,-1
825,174,185.74,117.76,64.14,194.82,1,-1,-1,-1
825,176,191.27,160.64,46.2,141.11,1,-1,-1,-1
825,177,235.12,176.95,39.33,120.67,1,-1,-1,-1
826,134,315.54,125.62,73.76,223.29,1,-1,-1,-1
826,163,44.31,138.64,52.92,160.96,1,-1,-1,-1
826,173,99.34,130.68,77.22,234.65,1,-1,-1,-1
826,176,183.55,152.66,49.92,152.39,1,-1,-1,-1
826,177,233.04,176.48,39.31,120.53,1,-1,-1,-1
827,134,314.4,129.08,67.38,204,1,-1,-1,-1
827,163,30.71,135.5,57.41,174.55,1,-1,-1,-1
827,173,78.93,123.72,82.54,250.67,1,-1,-1,-1
827,176,173.89,149.5,51.4,156.84,1,-1,-1,-1
827,177,226.43,178.99,41.11,125.98,1,-1,-1,-1
828,134,310.1,127.28,68.07,206.11,1,-1,-1,-1
828,163,24.69,135.87,56.49,171.75,1,-1,-1,-1
828,173,62.49,114.91,88.43,268.44,1,-1,-1,-1
828,176,170.08,148.3,51.96,158.49,1,-1,-1,-1
828,177,218.46,179.98,41.79,128,1,-1,-1,-1
829,134,313.31,122.7,71.63,216.87,1,-1,-1,-1
829,163,20.31,134.83,57.16,173.77,1,-1,-1,-1
829,173,46.24,104.09,94.83,287.73,1,-1,-1,-1
829,176,161.97,147.45,54.55,166.3,1,-1,-1,-1
829,177,213.5,176.88,43.98,134.65,1,-1,-1,-1
829,182,387.14,111.11,90.96,275.02,1,-1,-1,-1
830,134,318.94,133.97,69.71,211.06,1,-1,-1,-1
830,173,38.16,107.11,93.32,283.05,1,-1,-1,-1
830,174,133.86,77.58,88.75,269.28,1,-1,-1,-1
830,176,150.76,146.17,58.07,176.97,1,-1,-1,-1
830,177,208.78,177.41,46.89,143.45,1,-1,-1,-1
830,182,393.75,118.12,86.57,261.75,1,-1,-1,-1
831,134,316.52,135.15,72.26,218.79,1,-1,-1,-1
831,173,24.33,101.04,96.72,293.25,1,-1,-1,-1
831,174,123.22,65.47,94.81,287.45,1,-1,-1,-1
831,176,138.79,145.71,59.45,181.09,1,-1,-1,-1
831,177,203.06,172.36,50.22,153.54,1,-1,-1,-1
831,182,389.5,113.28,89.6,270.92,1,-1,-1,-1
831,184,289,169,39,119,1,-1,-1,-1
832,134,315.61,125.8,73.2,221.62,1,-1,-1,-1
832,173,16.17,97.51,99.43,301.44,1,-1,-1,-1
832,174,111.13,37.01,101.61,307.9,1,-1,-1,-1
832,176,129.06,132.77,65.62,199.78,1,-1,-1,-1
832,177,192.41,169.44,49.35,150.82,1,-1,-1,-1
832,182,379.83,103.39,95.21,287.84,1,-1,-1,-1
832,184,282.89,162.89,39,119,1,-1,-1,-1
833,134,314.14,129.08,67.27,203.69,1,-1,-1,-1
833,174,101.95,49.13,99.99,302.84,1,-1,-1,-1
833,176,116.69,127.79,68.02,206.97,1,-1,-1,-1
833,177,183.28,162.44,51.17,156.3,1,-1,-1,-1
833,182,376.37,99.9,97.18,293.8,1,-1,-1,-1
833,184,275.04,160.94,39,119,1,-1,-1,-1
833,186,225.86,163.82,41.87,127.76,1,-1,-1,-1
834,134,313.49,130.38,64.93,196.62,1,-1,-1,-1
834,174,96.34,44.55,102.53,310.52,1,-1,-1,-1
834,176,107.46,122.1,72.05,219.15,1,-1,-1,-1
834,177,173.14,166.53,51.86,158.32,1,-1,-1,-1
834,182,375.12,98.72,97.86,295.83,1,-1,-1,-1
834,184,272.52,160.39,39,119,1,-1,-1,-1
834,186,223.39,163.65,41.97,128.04,1,-1,-1,-1
835,134,314.35,123.71,70.6,213.79,1,-1,-1,-1
835,176,88.6,115.26,76.95,233.91,1,-1,-1,-1
835,177,162.1,160.98,57.06,174.1,1,-1,-1,-1
835,182,374.72,98.4,98.04,296.37,1,-1,-1,-1
835,184,269.08,158.67,39,119,1,-1,-1,-1
835,186,221.11,158.77,44.18,134.78,1,-1,-1,-1
836,134,319.08,125.2,69.38,210.12,1,-1,-1,-1
836,176,84.79,106.91,82.42,250.42,1,-1,-1,-1
836,177,155.19,147.43,64.6,196.97,1,-1,-1,-1
836,182,382.42,106.25,93.68,283.19,1,-1,-1,-1
836,184,271.67,160.27,39,119,1,-1,-1,-1
836,186,224.61,151.27,47.17,143.88,1,-1,-1,-1
837,134,323.93,128.89,65.82,199.35,1,-1,-1,-1
837,176,75.85,96.79,88.38,268.39,1,-1,-1,-1
837,177,152.49,142.01,67.63,206.08,1,-1,-1,-1
837,182,390.88,101.38,96.39,291.35,1,-1,-1,-1
837,184,277.45,160.43,39,119,1,-1,-1,-1
837,186,226,155.16,48.24,147.12,1,-1,-1,-1
