3,1,1630.32,552.16,39.73,121.23,1,-1,-1,-1
3,3,503.59,548.77,29.79,91.15,1,-1,-1,-1
3,4,172.70,573.96,54.70,166.20,1,-1,-1,-1
4,1,1637.79,550.39,41.27,125.92,1,-1,-1,-1
4,3,501.95,548.15,30.94,94.68,1,-1,-1,-1
4,4,161.54,577.92,55.62,169.01,1,-1,-1,-1
5,1,1647.39,563.77,39.71,121.17,1,-1,-1,-1
5,3,496.67,543.08,31.30,95.78,1,-1,-1,-1
5,4,149.85,570.85,55.86,169.73,1,-1,-1,-1
6,1,1656.15,574.28,39.14,119.43,1,-1,-1,-1
6,3,495.34,548.99,33.08,101.21,1,-1,-1,-1
6,4,146.65,578.70,53.24,161.76,1,-1,-1,-1
7,1,1657.94,560.37,45.40,138.50,1,-1,-1,-1
7,3,494.93,546.25,33.69,103.09,1,-1,-1,-1
7,4,137.55,578.91,54.90,166.80,1,-1,-1,-1
7,8,1567.35,576.75,39.73,121.23,1,-1,-1,-1
8,1,1664.99,568.48,47.52,144.93,1,-1,-1,-1
8,3,494.86,549.86,33.91,103.74,1,-1,-1,-1
8,4,126.91,586.63,55.46,168.51,1,-1,-1,-1
8,8,1571.19,578.40,39.40,120.20,1,-1,-1,-1
9,1,1671.14,570.76,48.71,148.55,1,-1,-1,-1
9,3,492.60,552.20,30.99,94.83,1,-1,-1,-1
9,4,115.67,581.77,55.66,169.08,1,-1,-1,-1
9,8,1583.85,591.51,39.01,119.02,1,-1,-1,-1
10,1,1680.55,594.73,43.69,133.24,1,-1,-1,-1
10,3,489.23,548.89,31.32,95.87,1,-1,-1,-1
10,4,104.23,572.22,55.71,169.24,1,-1,-1,-1
10,8,1587.96,599.87,40.99,125.07,1,-1,-1,-1
10,13,4.28,724.71,41.20,125.71,1,-1,-1,-1
11,1,1690.49,585.75,44.66,136.19,1,-1,-1,-1
11,3,488.10,552.13,31.44,96.23,1,-1,-1,-1
11,4,92.76,583.72,55.71,169.24,1,-1,-1,-1
11,8,1593.66,605.38,41.17,125.61,1,-1,-1,-1
11,13,-3.79,719.62,42.11,128.49,1,-1,-1,-1
12,1,1698.29,591.35,42.97,131.03,1,-1,-1,-1
12,3,482.86,547.70,36.43,111.49,1,-1,-1,-1
12,4,83.46,585.40,56.02,170.18,1,-1,-1,-1
12,8,1599.91,593.25,44.19,134.82,1,-1,-1,-1
13,1,1702.51,590.97,44.34,135.20,1,-1,-1,-1
13,3,481.28,541.26,35.03,107.18,1,-1,-1,-1
13,8,1605.70,595.90,44.84,136.77,1,-1,-1,-1
13,15,173.24,573.58,59.63,180.89,1,-1,-1,-1
14,1,1709.94,584.71,44.84,136.69,1,-1,-1,-1
14,3,480.78,543.08,34.37,105.17,1,-1,-1,-1
14,8,1612.62,593.88,42.61,129.97,1,-1,-1,-1
14,15,167.94,571.51,66.44,201.53,1,-1,-1,-1
15,1,1718.57,588.24,45.02,137.21,1,-1,-1,-1
15,3,480.67,543.78,34.11,104.36,1,-1,-1,-1
15,4,41.77,574.79,63.09,191.61,1,-1,-1,-1
15,8,1620.61,593.64,42.16,128.59,1,-1,-1,-1
15,15,159.68,578.55,62.42,189.34,1,-1,-1,-1
16,1,1724.96,584.88,47.21,143.88,1,-1,-1,-1
16,3,479.63,545.66,31.06,95.08,1,-1,-1,-1
16,4,31.06,574.88,64.03,194.45,1,-1,-1,-1
16,8,1629.03,599.30,42.01,128.12,1,-1,-1,-1
16,15,153.23,577.92,63.15,191.55,1,-1,-1,-1
17,1,1733.61,583.58,48.04,146.36,1,-1,-1,-1
17,3,475.68,544.72,32.91,100.72,1,-1,-1,-1
17,8,1635.50,601.56,42.15,128.57,1,-1,-1,-1
17,15,122.81,584.39,63.93,193.91,1,-1,-1,-1
18,1,1743.07,589.41,48.34,147.26,1,-1,-1,-1
18,3,473.31,539.68,36.87,112.80,1,-1,-1,-1
18,15,111.94,585.07,64.67,196.15,1,-1,-1,-1
19,1,1754.21,595.79,46.31,141.07,1,-1,-1,-1
19,3,472.44,537.77,38.37,117.36,1,-1,-1,-1
20,1,1764.26,598.17,45.49,138.56,1,-1,-1,-1
20,3,470.62,537.06,39.03,119.40,1,-1,-1,-1
20,19,1424.99,528.95,39.00,118.87,1,-1,-1,-1
21,1,1773.30,601.30,47.34,144.19,1,-1,-1,-1
21,3,467.91,542.31,35.25,107.82,1,-1,-1,-1
21,19,1425.01,528.84,38.92,118.62,1,-1,-1,-1
22,1,1782.92,595.99,48.02,146.25,1,-1,-1,-1
22,3,464.67,535.54,39.82,121.77,1,-1,-1,-1
22,19,1430.97,528.84,38.92,118.63,1,-1,-1,-1
23,1,1787.18,593.97,50.55,153.92,1,-1,-1,-1
23,3,464.15,536.15,39.52,120.81,1,-1,-1,-1
23,19,1432.92,528.87,38.93,118.68,1,-1,-1,-1
24,1,1795.36,593.17,51.51,156.81,1,-1,-1,-1
24,3,463.43,539.16,41.19,125.88,1,-1,-1,-1
24,19,1433.51,528.89,38.95,118.74,1,-1,-1,-1
25,1,1809.70,599.06,49.61,151.00,1,-1,-1,-1
25,3,458.69,547.92,40.00,122.24,1,-1,-1,-1
25,19,1439.17,534.44,38.96,118.78,1,-1,-1,-1
26,1,1817.17,601.93,51.13,155.62,1,-1,-1,-1
26,3,455.87,549.30,41.35,126.32,1,-1,-1,-1
26,19,1441.49,533.44,40.91,124.70,1,-1,-1,-1
27,1,1823.62,601.62,54.12,164.68,1,-1,-1,-1
27,3,454.86,549.80,41.85,127.81,1,-1,-1,-1
27,19,1447.24,541.29,39.73,121.13,1,-1,-1,-1
28,1,1833.12,601.46,55.26,168.11,1,-1,-1,-1
28,3,452.84,550.39,42.44,129.63,1,-1,-1,-1
28,19,1449.32,538.89,39.26,119.71,1,-1,-1,-1
29,1,1843.84,608.64,55.69,169.37,1,-1,-1,-1
29,3,449.44,552.53,39.92,121.93,1,-1,-1,-1
29,19,1455.36,543.34,39.09,119.18,1,-1,-1,-1
30,1,1856.63,619.10,53.40,162.39,1,-1,-1,-1
30,3,447.29,553.26,40.23,122.85,1,-1,-1,-1
30,19,1457.48,544.94,39.02,119.00,1,-1,-1,-1
31,1,1865.60,621.69,53.88,163.85,1,-1,-1,-1
31,3,439.76,570.92,41.53,126.80,1,-1,-1,-1
31,19,1458.15,550.82,39.00,118.93,1,-1,-1,-1
32,3,437.07,573.38,41.93,128.02,1,-1,-1,-1
32,19,1463.61,558.28,38.99,118.92,1,-1,-1,-1
33,3,439.53,564.30,39.73,121.28,1,-1,-1,-1
33,19,1465.55,550.35,38.99,118.92,1,-1,-1,-1
34,3,438.01,560.60,41.20,125.76,1,-1,-1,-1
34,19,1471.47,547.28,38.99,118.93,1,-1,-1,-1
35,3,434.01,555.89,39.85,121.64,1,-1,-1,-1
35,19,1473.58,546.07,38.99,118.93,1,-1,-1,-1
35,24,1559.24,497.00,39.00,119.00,1,-1,-1,-1
36,3,432.57,554.02,39.31,119.99,1,-1,-1,-1
36,8,1799.64,623.43,55.28,168.44,1,-1,-1,-1
36,19,1479.55,545.58,39.00,118.94,1,-1,-1,-1
36,24,1561.81,497.00,39.00,119.00,1,-1,-1,-1
37,3,429.94,545.45,40.99,125.10,1,-1,-1,-1
37,8,1807.92,621.29,58.18,177.13,1,-1,-1,-1
37,19,1481.67,545.38,39.00,118.95,1,-1,-1,-1
37,24,1568.44,497.00,39.00,119.00,1,-1,-1,-1
37,25,1573.75,521.80,26.88,82.63,1,-1,-1,-1
38,3,425.93,550.01,39.77,121.36,1,-1,-1,-1
38,8,1820.31,622.89,56.75,172.70,1,-1,-1,-1
38,19,1484.54,537.07,40.87,124.65,1,-1,-1,-1
38,24,1570.65,485.41,41.07,125.30,1,-1,-1,-1
38,25,1574.73,520.44,27.18,83.54,1,-1,-1,-1
39,3,424.49,546.54,39.28,119.85,1,-1,-1,-1
39,8,1832.20,630.86,56.14,170.77,1,-1,-1,-1
39,19,1488.57,542.03,39.73,121.18,1,-1,-1,-1
39,24,1576.05,487.05,39.80,121.43,1,-1,-1,-1
40,3,424.05,545.26,39.09,119.29,1,-1,-1,-1
40,8,1841.30,632.51,56.66,172.35,1,-1,-1,-1
40,19,1495.29,538.71,39.27,119.78,1,-1,-1,-1
40,24,1583.39,487.84,39.29,119.88,1,-1,-1,-1
41,3,423.97,544.81,39.02,119.08,1,-1,-1,-1
41,19,1502.98,542.78,39.09,119.25,1,-1,-1,-1
41,24,1587.71,486.46,39.32,119.98,1,-1,-1,-1
42,3,421.47,547.83,40.87,124.71,1,-1,-1,-1
42,19,1505.71,544.31,39.03,119.06,1,-1,-1,-1
43,3,417.88,551.07,39.72,121.20,1,-1,-1,-1
43,19,1509.98,542.34,40.88,124.69,1,-1,-1,-1
43,24,1593.45,502.15,39.05,119.16,1,-1,-1,-1
44,3,413.64,550.21,41.14,125.51,1,-1,-1,-1
44,19,1513.34,549.29,39.73,121.18,1,-1,-1,-1
44,24,1596.30,493.81,40.98,125.03,1,-1,-1,-1
45,3,415.00,552.01,39.81,121.47,1,-1,-1,-1
45,19,1518.17,549.86,41.14,125.49,1,-1,-1,-1
45,24,1600.07,489.95,43.62,133.04,1,-1,-1,-1
46,3,410.35,552.72,39.29,119.86,1,-1,-1,-1
46,19,1519.87,550.06,41.66,127.07,1,-1,-1,-1
46,24,1603.88,489.30,44.14,134.63,1,-1,-1,-1
47,3,408.69,552.97,39.09,119.26,1,-1,-1,-1
47,19,1527.15,557.46,40.01,122.03,1,-1,-1,-1
47,24,1614.82,501.18,40.33,123.03,1,-1,-1,-1
48,3,405.76,552.65,42.91,130.88,1,-1,-1,-1
48,19,1535.10,560.29,39.35,120.03,1,-1,-1,-1
48,24,1623.28,504.03,39.44,120.30,1,-1,-1,-1
48,25,1624.09,532.48,27.31,83.94,1,-1,-1,-1
49,3,407.00,558.03,40.56,123.73,1,-1,-1,-1
49,19,1537.10,559.50,41.00,125.03,1,-1,-1,-1
49,24,1628.25,504.90,39.41,120.22,1,-1,-1,-1
49,25,1626.32,533.66,30.28,93.01,1,-1,-1,-1
50,3,402.35,554.90,39.56,120.68,1,-1,-1,-1
50,19,1537.75,559.18,41.60,126.86,1,-1,-1,-1
50,25,1631.42,529.87,31.14,95.65,1,-1,-1,-1
51,3,400.71,559.06,39.19,119.55,1,-1,-1,-1
51,19,1543.83,565.99,39.98,121.92,1,-1,-1,-1
51,24,1633.76,505.24,39.06,119.15,1,-1,-1,-1
51,25,1635.54,530.15,31.57,96.95,1,-1,-1,-1
52,3,396.48,558.81,40.93,124.86,1,-1,-1,-1
52,19,1551.32,568.57,39.34,119.97,1,-1,-1,-1
52,24,1642.17,525.64,32.43,98.98,1,-1,-1,-1
53,3,394.96,558.70,41.58,126.82,1,-1,-1,-1
53,19,1553.88,568.07,40.98,124.99,1,-1,-1,-1
53,24,1642.72,511.61,36.92,112.70,1,-1,-1,-1
54,3,392.88,560.39,39.97,121.92,1,-1,-1,-1
54,19,1560.34,567.85,41.59,126.83,1,-1,-1,-1
54,24,1649.90,522.02,33.44,102.11,1,-1,-1,-1
55,3,388.10,559.22,41.23,125.74,1,-1,-1,-1
55,19,1563.79,564.20,43.81,133.57,1,-1,-1,-1
55,24,1655.66,531.24,30.52,93.23,1,-1,-1,-1
55,27,329.01,552.92,39.00,118.87,1,-1,-1,-1
56,3,385.19,560.54,39.83,121.49,1,-1,-1,-1
56,19,1565.09,555.30,48.99,149.31,1,-1,-1,-1
56,24,1658.72,533.91,31.01,94.76,1,-1,-1,-1
56,27,322.87,552.77,38.92,118.62,1,-1,-1,-1
57,3,379.72,559.24,41.17,125.56,1,-1,-1,-1
57,19,1572.17,551.88,50.98,155.33,1,-1,-1,-1
57,24,1662.52,531.13,29.73,90.88,1,-1,-1,-1
57,27,320.95,552.77,38.92,118.63,1,-1,-1,-1
58,3,376.93,555.28,39.81,121.41,1,-1,-1,-1
58,19,1574.90,550.47,51.76,157.69,1,-1,-1,-1
58,24,1665.26,529.15,30.75,94.04,1,-1,-1,-1
58,27,318.98,552.30,38.67,117.86,1,-1,-1,-1
59,3,376.86,551.55,41.16,125.52,1,-1,-1,-1
59,19,1582.54,549.93,52.04,158.51,1,-1,-1,-1
59,24,1669.48,530.61,30.28,92.59,1,-1,-1,-1
59,27,310.84,550.08,41.32,125.94,1,-1,-1,-1
59,30,492.94,546.19,24.65,76.04,1,-1,-1,-1
60,3,371.29,550.19,41.65,127.02,1,-1,-1,-1
60,19,1586.84,557.79,49.88,151.89,1,-1,-1,-1
60,27,309.04,549.60,41.79,127.39,1,-1,-1,-1
60,30,490.91,543.52,25.49,78.64,1,-1,-1,-1
61,3,363.63,549.69,41.84,127.58,1,-1,-1,-1
61,19,1587.14,548.82,53.75,163.62,1,-1,-1,-1
61,25,1666.07,475.80,47.45,145.48,1,-1,-1,-1
61,27,305.34,551.64,40.05,122.08,1,-1,-1,-1
62,3,365.98,551.65,40.05,122.12,1,-1,-1,-1
62,19,1593.65,549.28,52.79,160.67,1,-1,-1,-1
62,25,1669.48,472.29,48.64,149.13,1,-1,-1,-1
62,27,304.13,546.99,39.37,120.01,1,-1,-1,-1
63,3,361.81,561.76,41.24,125.76,1,-1,-1,-1
63,19,1605.29,551.11,47.94,145.93,1,-1,-1,-1
63,24,1686.39,511.37,33.44,102.26,1,-1,-1,-1
63,27,298.38,561.61,39.12,119.26,1,-1,-1,-1
64,3,359.23,549.87,43.66,133.12,1,-1,-1,-1
64,19,1607.08,557.35,50.56,153.88,1,-1,-1,-1
64,24,1689.58,512.08,37.06,113.30,1,-1,-1,-1
64,27,295.12,549.59,42.98,131.01,1,-1,-1,-1
65,3,353.89,555.11,42.62,129.95,1,-1,-1,-1
65,19,1611.74,557.73,51.04,155.34,1,-1,-1,-1
65,24,1690.76,507.29,38.39,117.32,1,-1,-1,-1
65,27,288.04,551.18,44.37,135.24,1,-1,-1,-1
65,32,404.94,557.04,41.26,125.75,1,-1,-1,-1
66,3,352.22,564.29,40.32,122.94,1,-1,-1,-1
66,24,1696.16,505.39,38.91,118.91,1,-1,-1,-1
66,27,287.36,562.63,41.10,125.29,1,-1,-1,-1
66,32,403.64,564.29,41.83,127.49,1,-1,-1,-1
67,3,343.71,550.41,43.38,132.24,1,-1,-1,-1
67,19,1626.52,576.41,46.12,140.36,1,-1,-1,-1
67,24,1698.14,514.98,39.10,119.48,1,-1,-1,-1
67,27,283.97,554.23,41.66,127.00,1,-1,-1,-1
67,32,401.66,566.38,42.33,129.00,1,-1,-1,-1
68,3,337.40,545.20,46.56,141.91,1,-1,-1,-1
68,19,1627.74,567.08,47.58,144.81,1,-1,-1,-1
68,24,1702.94,522.86,34.38,105.06,1,-1,-1,-1
68,27,277.16,556.89,41.86,127.59,1,-1,-1,-1
68,32,388.91,562.61,44.59,135.88,1,-1,-1,-1
69,3,332.45,543.50,45.72,139.34,1,-1,-1,-1
69,19,1628.61,569.98,50.35,153.19,1,-1,-1,-1
69,24,1707.15,528.07,34.01,103.96,1,-1,-1,-1
69,27,273.41,557.09,42.05,128.17,1,-1,-1,-1
69,32,386.15,559.87,42.96,130.93,1,-1,-1,-1
70,3,328.35,540.37,49.76,151.60,1,-1,-1,-1
70,19,1634.92,571.83,49.11,149.44,1,-1,-1,-1
70,24,1711.09,528.97,33.96,103.80,1,-1,-1,-1
70,32,385.38,558.85,42.34,129.03,1,-1,-1,-1
71,3,325.43,541.33,49.05,149.43,1,-1,-1,-1
71,19,1637.97,571.69,50.92,154.90,1,-1,-1,-1
71,32,379.08,554.42,44.17,134.61,1,-1,-1,-1
72,3,322.25,548.11,46.60,141.95,1,-1,-1,-1
72,19,1641.82,568.79,54.02,164.30,1,-1,-1,-1
72,24,1707.13,515.67,38.18,116.66,1,-1,-1,-1
72,32,375.14,553.71,44.67,136.13,1,-1,-1,-1
73,3,316.94,544.37,47.78,145.52,1,-1,-1,-1
73,19,1643.19,567.66,55.20,167.87,1,-1,-1,-1
73,24,1706.69,518.92,38.82,118.61,1,-1,-1,-1
74,3,309.19,540.84,50.48,153.70,1,-1,-1,-1
74,19,1647.53,569.99,53.23,161.85,1,-1,-1,-1
74,24,1711.64,520.17,39.06,119.31,1,-1,-1,-1
74,32,369.32,557.41,42.45,129.36,1,-1,-1,-1
75,3,304.46,547.86,47.17,143.64,1,-1,-1,-1
75,19,1654.30,578.20,50.10,152.34,1,-1,-1,-1
75,24,1713.46,520.66,39.13,119.54,1,-1,-1,-1
75,32,361.25,553.84,44.22,134.74,1,-1,-1,-1
76,3,297.67,544.32,47.96,146.01,1,-1,-1,-1
76,19,1658.42,580.93,51.24,155.81,1,-1,-1,-1
76,24,1714.82,526.92,35.82,109.44,1,-1,-1,-1
76,32,356.09,552.80,46.93,142.99,1,-1,-1,-1
77,3,288.45,540.86,50.53,153.80,1,-1,-1,-1
77,19,1659.82,581.88,51.65,157.04,1,-1,-1,-1
77,24,1714.39,523.08,37.95,115.93,1,-1,-1,-1
77,32,350.76,552.32,45.85,139.68,1,-1,-1,-1
78,3,284.96,547.96,47.14,143.51,1,-1,-1,-1
78,19,1664.91,582.53,49.50,150.51,1,-1,-1,-1
78,24,1714.25,521.75,38.69,118.18,1,-1,-1,-1
78,32,342.81,552.16,45.38,138.24,1,-1,-1,-1
79,3,277.84,544.40,47.92,145.86,1,-1,-1,-1
79,19,1668.95,582.35,51.00,155.07,1,-1,-1,-1
79,24,1716.14,521.67,38.99,119.08,1,-1,-1,-1
79,32,339.99,552.12,45.19,137.65,1,-1,-1,-1
80,3,275.37,543.12,48.20,146.69,1,-1,-1,-1
80,19,1670.33,582.26,51.55,156.71,1,-1,-1,-1
80,32,335.38,551.64,45.46,138.46,1,-1,-1,-1
81,3,270.46,542.56,48.44,147.44,1,-1,-1,-1
81,19,1670.70,582.17,51.75,157.33,1,-1,-1,-1
81,32,324.45,552.11,45.10,137.38,1,-1,-1,-1
82,19,1674.98,579.74,54.29,165.02,1,-1,-1,-1
82,27,140.46,552.52,44.89,136.82,1,-1,-1,-1
82,32,319.17,551.73,45.31,137.99,1,-1,-1,-1
83,3,257.66,550.78,48.33,147.09,1,-1,-1,-1
83,19,1676.51,578.82,55.24,167.89,1,-1,-1,-1
83,27,129.87,552.47,47.22,143.84,1,-1,-1,-1
84,3,250.17,551.99,46.09,140.27,1,-1,-1,-1
84,19,1676.96,578.43,55.60,168.95,1,-1,-1,-1
84,27,126.53,556.18,43.90,133.75,1,-1,-1,-1
84,32,309.50,564.48,42.47,129.38,1,-1,-1,-1
85,3,239.78,552.51,47.50,144.57,1,-1,-1,-1
85,19,1676.37,581.55,58.34,177.26,1,-1,-1,-1
85,27,119.70,559.87,44.60,135.86,1,-1,-1,-1
85,32,304.31,565.44,42.35,129.01,1,-1,-1,-1
86,3,233.44,550.97,50.30,153.06,1,-1,-1,-1
86,19,1683.97,579.49,56.79,172.54,1,-1,-1,-1
86,27,111.34,561.18,44.85,136.61,1,-1,-1,-1
86,32,293.81,566.80,41.96,127.81,1,-1,-1,-1
87,3,227.49,552.07,49.11,149.42,1,-1,-1,-1
87,19,1686.73,581.95,58.77,178.54,1,-1,-1,-1
87,27,107.23,555.71,47.09,143.42,1,-1,-1,-1
87,32,286.57,563.53,43.94,133.85,1,-1,-1,-1
88,3,221.51,558.46,46.45,141.34,1,-1,-1,-1
88,19,1687.81,586.91,56.91,172.87,1,-1,-1,-1
88,27,101.16,559.49,45.82,139.54,1,-1,-1,-1
88,32,278.06,562.42,44.62,135.91,1,-1,-1,-1
88,38,1670.21,519.16,87.24,263.92,1,-1,-1,-1
89,3,216.97,561.43,47.62,144.91,1,-1,-1,-1
89,19,1687.95,592.70,58.80,178.58,1,-1,-1,-1
89,27,93.12,560.99,45.29,137.94,1,-1,-1,-1
89,32,268.63,562.52,47.02,143.18,1,-1,-1,-1
89,38,1672.07,523.62,85.82,259.61,1,-1,-1,-1
90,3,215.44,562.48,48.05,146.18,1,-1,-1,-1
90,19,1690.56,588.76,62.28,189.13,1,-1,-1,-1
90,27,84.30,567.63,45.09,137.32,1,-1,-1,-1
90,32,265.57,567.94,45.82,139.53,1,-1,-1,-1
90,39,424.57,554.38,40.51,123.46,1,-1,-1,-1
91,3,208.60,562.83,48.21,146.66,1,-1,-1,-1
91,19,1688.92,593.19,60.86,184.78,1,-1,-1,-1
91,27,75.20,570.09,45.01,137.08,1,-1,-1,-1
91,32,257.87,571.07,47.47,144.54,1,-1,-1,-1
91,38,1673.69,533.91,90.30,273.15,1,-1,-1,-1
91,39,418.41,561.05,39.10,119.16,1,-1,-1,-1
92,3,199.72,569.41,48.26,146.83,1,-1,-1,-1
92,19,1691.12,594.47,61.48,186.68,1,-1,-1,-1
92,27,69.05,571.97,47.14,143.53,1,-1,-1,-1
92,32,248.74,572.21,48.08,146.38,1,-1,-1,-1
92,38,1679.62,546.46,86.39,261.32,1,-1,-1,-1
92,39,407.86,556.10,43.20,131.65,1,-1,-1,-1
93,3,190.07,571.86,48.28,146.88,1,-1,-1,-1
93,19,1691.18,598.12,63.48,192.71,1,-1,-1,-1
93,27,60.54,572.64,47.93,145.92,1,-1,-1,-1
93,32,240.68,577.62,46.18,140.60,1,-1,-1,-1
93,38,1676.04,552.45,89.30,270.10,1,-1,-1,-1
93,39,403.65,564.59,42.38,129.15,1,-1,-1,-1
94,3,180.15,572.72,48.28,146.89,1,-1,-1,-1
94,19,1696.78,604.70,61.16,185.67,1,-1,-1,-1
94,27,52.73,573.94,48.27,146.96,1,-1,-1,-1
94,32,237.91,579.67,45.42,138.28,1,-1,-1,-1
94,38,1674.76,554.40,90.31,273.16,1,-1,-1,-1
94,39,396.44,567.55,42.04,128.12,1,-1,-1,-1
95,3,176.64,572.98,48.28,146.88,1,-1,-1,-1
95,19,1699.95,602.21,66.20,200.92,1,-1,-1,-1
95,32,225.68,574.46,49.61,151.02,1,-1,-1,-1
95,38,1675.63,559.89,90.44,273.53,1,-1,-1,-1
95,39,392.42,575.37,39.96,121.80,1,-1,-1,-1
96,3,163.08,572.21,50.58,153.87,1,-1,-1,-1
96,19,1703.11,608.89,65.08,197.49,1,-1,-1,-1
96,32,218.05,579.63,48.91,148.87,1,-1,-1,-1
96,38,1688.72,555.09,90.77,274.52,1,-1,-1,-1
96,39,385.70,577.96,39.21,119.51,1,-1,-1,-1
97,3,158.15,571.89,51.44,156.46,1,-1,-1,-1
97,19,1704.25,611.50,64.57,195.93,1,-1,-1,-1
97,32,215.38,581.69,48.59,147.90,1,-1,-1,-1
97,38,1691.68,554.57,90.86,274.78,1,-1,-1,-1
97,39,370.11,561.85,45.23,137.84,1,-1,-1,-1
98,3,149.14,577.52,47.37,144.08,1,-1,-1,-1
98,19,1713.12,612.42,64.36,195.25,1,-1,-1,-1
98,24,1689.70,536.81,39.03,119.19,1,-1,-1,-1
98,32,208.15,582.42,48.46,147.48,1,-1,-1,-1
98,38,1694.17,558.18,91.00,275.21,1,-1,-1,-1
98,39,366.89,571.99,41.48,126.43,1,-1,-1,-1
99,3,139.90,581.13,47.94,145.81,1,-1,-1,-1
99,19,1716.40,612.70,64.26,194.93,1,-1,-1,-1
99,24,1688.87,542.94,39.00,119.07,1,-1,-1,-1
99,32,199.18,582.65,48.40,147.29,1,-1,-1,-1
99,39,360.44,574.37,41.50,126.50,1,-1,-1,-1
100,3,130.22,582.38,48.14,146.42,1,-1,-1,-1
100,19,1716.03,614.08,67.24,203.95,1,-1,-1,-1
100,24,1688.59,544.75,38.99,119.04,1,-1,-1,-1
100,32,191.46,582.34,50.67,154.16,1,-1,-1,-1
100,39,341.96,555.42,49.57,151.03,1,-1,-1,-1
101,3,120.35,582.78,48.21,146.65,1,-1,-1,-1
101,19,1715.83,614.57,68.35,207.30,1,-1,-1,-1
101,24,1688.52,545.36,38.99,119.02,1,-1,-1,-1
101,32,181.88,582.21,51.51,156.71,1,-1,-1,-1
101,39,334.08,555.26,50.55,154.02,1,-1,-1,-1
102,3,117.74,587.51,46.09,140.19,1,-1,-1,-1
102,19,1717.99,614.16,71.98,218.26,1,-1,-1,-1
102,24,1683.19,545.53,38.99,119.02,1,-1,-1,-1
102,32,171.56,582.11,51.83,157.65,1,-1,-1,-1
103,3,109.71,584.50,47.47,144.39,1,-1,-1,-1
103,19,1725.40,614.49,70.18,212.78,1,-1,-1,-1
103,24,1681.23,545.54,38.99,119.01,1,-1,-1,-1
103,32,166.89,582.38,49.65,151.04,1,-1,-1,-1
103,39,325.30,571.81,43.77,133.38,1,-1,-1,-1
104,3,100.46,583.38,47.97,145.90,1,-1,-1,-1
104,19,1728.24,614.53,69.40,210.40,1,-1,-1,-1
104,24,1680.56,545.50,38.99,119.01,1,-1,-1,-1
104,32,159.60,583.12,49.87,151.69,1,-1,-1,-1
104,39,318.18,574.81,42.47,129.43,1,-1,-1,-1
104,45,380.21,574.40,42.65,130.00,1,-1,-1,-1
105,3,88.00,582.56,50.46,153.47,1,-1,-1,-1
105,19,1732.18,613.98,72.34,219.29,1,-1,-1,-1
105,24,1680.37,545.45,38.99,119.01,1,-1,-1,-1
105,39,310.93,576.31,42.53,129.59,1,-1,-1,-1
105,45,367.87,565.63,46.82,142.67,1,-1,-1,-1
105,47,1540.92,514.30,31.48,96.59,1,-1,-1,-1
106,3,76.66,582.23,51.39,156.30,1,-1,-1,-1
106,19,1730.67,623.26,70.23,212.87,1,-1,-1,-1
106,24,1675.04,545.40,38.99,119.01,1,-1,-1,-1
106,45,360.89,564.03,48.00,146.29,1,-1,-1,-1
106,47,1536.12,515.74,29.95,91.89,1,-1,-1,-1
107,3,72.57,575.20,51.75,157.37,1,-1,-1,-1
107,19,1732.89,617.15,72.62,220.09,1,-1,-1,-1
107,24,1673.09,545.35,38.99,119.01,1,-1,-1,-1
107,45,350.86,569.31,45.65,139.10,1,-1,-1,-1
107,47,1533.93,515.82,27.92,85.68,1,-1,-1,-1
108,3,60.01,569.63,54.32,165.16,1,-1,-1,-1
108,19,1739.75,624.42,70.28,213.00,1,-1,-1,-1
108,24,1671.30,545.91,39.00,119.02,1,-1,-1,-1
108,45,340.08,555.27,50.10,152.65,1,-1,-1,-1
108,47,1531.65,516.01,27.19,83.42,1,-1,-1,-1
108,49,211.39,583.27,38.10,116.70,1,-1,-1,-1
108,51,386.63,553.00,39.00,119.00,1,-1,-1,-1
109,3,52.99,570.31,52.88,160.77,1,-1,-1,-1
109,19,1742.31,627.22,69.32,210.08,1,-1,-1,-1
109,24,1665.99,545.32,39.00,119.01,1,-1,-1,-1
109,39,281.05,584.78,39.35,119.92,1,-1,-1,-1
109,45,330.11,546.94,54.00,164.48,1,-1,-1,-1
109,49,200.63,583.41,40.93,125.34,1,-1,-1,-1
109,51,382.59,553.00,39.00,119.00,1,-1,-1,-1
110,3,43.72,570.62,52.27,158.92,1,-1,-1,-1
110,19,1745.11,626.35,75.76,229.54,1,-1,-1,-1
110,24,1663.81,545.75,39.00,119.01,1,-1,-1,-1
110,39,268.77,584.75,41.07,125.18,1,-1,-1,-1
110,45,322.29,561.06,48.70,148.35,1,-1,-1,-1
110,49,193.58,584.16,39.87,122.08,1,-1,-1,-1
111,3,33.57,570.75,52.03,158.18,1,-1,-1,-1
111,19,1746.12,626.03,78.11,236.62,1,-1,-1,-1
111,39,259.12,584.80,41.59,126.74,1,-1,-1,-1
111,45,315.48,561.57,48.57,147.93,1,-1,-1,-1
111,49,182.32,588.53,37.53,114.90,1,-1,-1,-1
112,3,24.10,575.41,54.40,165.36,1,-1,-1,-1
112,19,1746.39,625.83,79.01,239.34,1,-1,-1,-1
112,39,250.11,584.76,41.78,127.34,1,-1,-1,-1
112,45,306.67,568.36,48.52,147.74,1,-1,-1,-1
112,49,175.13,591.77,34.91,106.88,1,-1,-1,-1
113,3,12.92,579.47,52.86,160.67,1,-1,-1,-1
113,19,1746.38,625.70,79.33,240.27,1,-1,-1,-1
113,39,241.36,584.69,41.85,127.56,1,-1,-1,-1
113,45,298.41,568.32,49.03,149.31,1,-1,-1,-1
113,49,166.02,591.24,35.75,109.42,1,-1,-1,-1
114,3,8.51,581.41,49.91,151.71,1,-1,-1,-1
114,19,1746.29,625.61,79.42,240.51,1,-1,-1,-1
114,32,65.00,581.84,51.74,157.36,1,-1,-1,-1
114,39,233.02,590.54,40.01,121.95,1,-1,-1,-1
114,49,154.77,592.63,37.83,115.79,1,-1,-1,-1
115,3,0.69,581.76,51.13,155.42,1,-1,-1,-1
115,19,1746.16,625.53,79.42,240.49,1,-1,-1,-1
115,32,51.62,574.33,57.17,173.81,1,-1,-1,-1
115,39,224.73,592.14,39.84,121.44,1,-1,-1,-1
115,45,277.58,571.64,48.48,147.61,1,-1,-1,-1
115,49,144.12,596.53,36.86,112.78,1,-1,-1,-1
116,3,-7.71,582.45,51.20,155.62,1,-1,-1,-1
116,19,1749.39,621.11,83.12,251.65,1,-1,-1,-1
116,32,44.89,576.46,56.36,171.31,1,-1,-1,-1
116,45,267.92,577.47,46.14,140.50,1,-1,-1,-1
116,49,135.46,598.00,36.46,111.57,1,-1,-1,-1
117,19,1757.57,634.02,80.83,244.71,1,-1,-1,-1
117,32,35.93,576.16,56.90,172.94,1,-1,-1,-1
117,39,199.67,593.02,41.52,126.56,1,-1,-1,-1
117,45,255.90,573.41,49.92,151.97,1,-1,-1,-1
117,49,126.93,599.23,36.43,111.45,1,-1,-1,-1
117,51,313.44,560.91,39.00,119.00,1,-1,-1,-1
118,19,1760.72,639.14,79.86,241.75,1,-1,-1,-1
118,32,17.04,573.53,62.36,189.48,1,-1,-1,-1
118,39,189.91,593.19,41.77,127.31,1,-1,-1,-1
118,45,248.26,577.75,46.88,142.72,1,-1,-1,-1
118,49,114.16,594.55,38.38,117.40,1,-1,-1,-1
118,51,305.84,561.67,39.00,119.00,1,-1,-1,-1
119,19,1761.81,641.01,79.47,240.56,1,-1,-1,-1
119,32,11.03,579.49,60.90,185.01,1,-1,-1,-1
119,39,180.66,594.41,41.84,127.52,1,-1,-1,-1
119,45,235.21,573.48,50.16,152.66,1,-1,-1,-1
119,49,115.80,599.15,40.69,124.43,1,-1,-1,-1
120,19,1762.12,641.65,79.30,240.04,1,-1,-1,-1
120,32,1.48,579.56,61.69,187.39,1,-1,-1,-1
120,45,226.89,579.13,49.07,149.33,1,-1,-1,-1
120,49,110.17,598.96,43.49,132.93,1,-1,-1,-1
121,19,1762.15,641.82,79.22,239.79,1,-1,-1,-1
121,45,213.97,581.02,50.91,154.93,1,-1,-1,-1
121,49,102.32,598.86,44.57,136.19,1,-1,-1,-1
121,51,281.21,561.31,39.00,119.00,1,-1,-1,-1
122,19,1766.25,638.19,82.94,251.01,1,-1,-1,-1
122,45,202.51,581.71,51.60,156.99,1,-1,-1,-1
122,49,93.59,598.78,44.99,137.41,1,-1,-1,-1
122,51,274.78,559.40,40.95,124.94,1,-1,-1,-1
123,19,1767.73,636.80,84.32,255.17,1,-1,-1,-1
123,38,1771.44,559.20,119.91,362.40,1,-1,-1,-1
123,45,191.57,581.94,51.85,157.73,1,-1,-1,-1
123,49,80.91,606.13,43.17,131.82,1,-1,-1,-1
123,51,265.74,565.75,39.75,121.29,1,-1,-1,-1
124,19,1779.34,647.37,84.84,256.71,1,-1,-1,-1
124,38,1770.77,551.30,125.98,380.55,1,-1,-1,-1
124,45,180.83,581.99,51.93,157.96,1,-1,-1,-1
124,49,70.68,608.98,42.42,129.51,1,-1,-1,-1
124,51,258.15,566.82,41.16,125.56,1,-1,-1,-1
125,19,1783.37,645.96,89.00,269.26,1,-1,-1,-1
125,38,1770.41,548.21,128.34,387.56,1,-1,-1,-1
125,45,170.19,581.98,51.94,157.99,1,-1,-1,-1
125,49,58.26,608.51,44.13,134.71,1,-1,-1,-1
125,51,249.58,563.70,43.65,133.14,1,-1,-1,-1
126,19,1784.82,645.39,90.56,273.96,1,-1,-1,-1
126,38,1772.96,547.32,129.96,392.47,1,-1,-1,-1
126,45,159.59,581.95,51.94,157.96,1,-1,-1,-1
126,49,47.86,608.30,44.77,136.61,1,-1,-1,-1
126,51,240.60,562.50,44.61,136.01,1,-1,-1,-1
127,19,1797.16,645.10,91.13,275.67,1,-1,-1,-1
127,45,148.95,588.73,49.63,150.94,1,-1,-1,-1
127,49,33.50,610.87,47.11,143.73,1,-1,-1,-1
127,51,232.55,565.46,43.00,131.12,1,-1,-1,-1
128,19,1801.43,650.39,87.34,264.20,1,-1,-1,-1
128,45,137.42,589.53,53.57,162.90,1,-1,-1,-1
128,49,21.91,611.82,48.01,146.41,1,-1,-1,-1
128,51,224.15,566.60,42.34,129.10,1,-1,-1,-1
129,19,1797.54,651.33,94.21,284.93,1,-1,-1,-1
129,45,126.03,589.82,54.98,167.17,1,-1,-1,-1
129,49,10.92,615.41,46.24,140.99,1,-1,-1,-1
129,51,215.62,572.68,42.09,128.32,1,-1,-1,-1
130,19,1801.67,659.08,92.51,279.77,1,-1,-1,-1
130,45,117.89,597.97,50.84,154.57,1,-1,-1,-1
130,49,1.07,616.86,46.70,142.41,1,-1,-1,-1
130,51,207.05,574.94,41.99,128.01,1,-1,-1,-1
131,19,1803.16,662.13,91.75,277.46,1,-1,-1,-1
131,45,104.41,592.72,54.02,164.21,1,-1,-1,-1
131,51,198.92,576.26,42.11,128.38,1,-1,-1,-1
132,19,1810.84,655.59,95.74,289.47,1,-1,-1,-1
132,45,92.33,598.21,55.14,167.60,1,-1,-1,-1
132,51,189.89,575.94,41.94,127.86,1,-1,-1,-1
132,58,1722.76,561.00,39.00,119.00,1,-1,-1,-1
133,19,1818.35,660.60,92.99,281.14,1,-1,-1,-1
133,45,84.09,601.66,53.13,161.48,1,-1,-1,-1
133,47,1420.75,520.21,22.10,67.91,1,-1,-1,-1
133,51,181.26,575.99,41.92,127.78,1,-1,-1,-1
133,58,1720.81,561.00,39.00,119.00,1,-1,-1,-1
134,19,1821.12,662.51,91.83,277.64,1,-1,-1,-1
134,45,70.48,601.55,54.80,166.54,1,-1,-1,-1
134,47,1416.38,520.38,21.88,67.24,1,-1,-1,-1
134,51,172.66,581.67,41.91,127.75,1,-1,-1,-1
134,58,1720.33,561.00,39.00,119.00,1,-1,-1,-1
135,19,1822.02,663.17,91.38,276.25,1,-1,-1,-1
135,45,55.82,609.70,52.97,160.98,1,-1,-1,-1
135,51,164.06,583.76,41.90,127.73,1,-1,-1,-1
135,58,1714.56,561.00,39.00,119.00,1,-1,-1,-1
136,19,1825.53,664.73,91.81,277.56,1,-1,-1,-1
136,45,45.71,611.93,54.72,166.29,1,-1,-1,-1
136,47,1407.08,520.31,21.95,67.54,1,-1,-1,-1
136,51,155.47,584.49,41.90,127.71,1,-1,-1,-1
136,58,1712.65,561.00,39.00,119.00,1,-1,-1,-1
137,45,34.83,612.71,55.36,168.23,1,-1,-1,-1
137,47,1402.67,520.44,21.77,67.00,1,-1,-1,-1
137,51,146.88,584.70,41.89,127.70,1,-1,-1,-1
137,58,1712.09,561.00,39.00,119.00,1,-1,-1,-1
138,45,16.82,609.88,58.23,176.90,1,-1,-1,-1
138,51,138.49,586.07,41.94,127.84,1,-1,-1,-1
138,58,1712.00,561.00,39.00,119.00,1,-1,-1,-1
139,45,2.43,611.76,56.72,172.32,1,-1,-1,-1
139,58,1706.65,561.00,39.00,119.00,1,-1,-1,-1
140,45,-9.65,613.34,57.14,173.59,1,-1,-1,-1
140,58,1704.26,561.00,39.00,119.00,1,-1,-1,-1
141,58,1704.35,554.66,39.00,119.00,1,-1,-1,-1
142,58,1704.13,553.28,39.00,119.00,1,-1,-1,-1
142,60,1561.00,545.00,39.00,119.00,1,-1,-1,-1
143,47,1383.54,520.27,21.98,67.70,1,-1,-1,-1
143,51,95.40,584.65,41.89,127.68,1,-1,-1,-1
143,58,1702.68,563.01,37.24,113.63,1,-1,-1,-1
143,60,1554.89,545.00,39.00,119.00,1,-1,-1,-1
144,47,1379.70,520.32,21.90,67.47,1,-1,-1,-1
144,51,86.80,584.43,41.88,127.65,1,-1,-1,-1
144,58,1698.25,561.78,38.36,117.06,1,-1,-1,-1
144,60,1552.94,545.00,39.00,119.00,1,-1,-1,-1
145,51,78.30,585.00,41.90,127.71,1,-1,-1,-1
145,58,1696.70,561.34,38.77,118.29,1,-1,-1,-1
145,60,1546.25,542.26,41.02,125.16,1,-1,-1,-1
146,58,1696.20,561.16,38.92,118.77,1,-1,-1,-1
146,60,1544.40,543.93,39.79,121.40,1,-1,-1,-1
147,58,1694.32,561.26,38.95,118.84,1,-1,-1,-1
147,60,1537.57,547.90,41.24,125.83,1,-1,-1,-1
148,58,1689.76,561.08,38.99,118.98,1,-1,-1,-1
148,60,1536.01,551.48,39.86,121.62,1,-1,-1,-1
149,58,1687.59,561.14,39.02,119.06,1,-1,-1,-1
149,60,1530.20,547.38,39.31,119.94,1,-1,-1,-1
150,60,1528.21,551.26,39.11,119.32,1,-1,-1,-1
151,60,1522.25,552.67,39.03,119.09,1,-1,-1,-1
152,60,1512.89,545.25,40.90,124.77,1,-1,-1,-1
153,60,1506.18,545.01,39.73,121.22,1,-1,-1,-1
154,60,1501.50,542.36,41.16,125.55,1,-1,-1,-1
155,60,1496.92,543.91,39.82,121.49,1,-1,-1,-1
156,47,1316.22,518.14,23.60,72.71,1,-1,-1,-1
156,60,1490.06,544.55,39.29,119.87,1,-1,-1,-1
157,47,1311.29,518.01,23.69,72.99,1,-1,-1,-1
157,60,1482.37,544.79,39.09,119.26,1,-1,-1,-1
158,60,1476.25,542.34,40.90,124.77,1,-1,-1,-1
159,60,1472.26,538.72,39.73,121.19,1,-1,-1,-1
160,60,1465.68,542.65,39.26,119.75,1,-1,-1,-1
161,60,1463.43,538.81,39.08,119.22,1,-1,-1,-1
162,60,1458.55,540.16,40.89,124.74,1,-1,-1,-1
163,60,1455.79,543.17,39.72,121.18,1,-1,-1,-1
164,60,1449.68,544.37,39.25,119.75,1,-1,-1,-1
165,60,1442.26,544.82,39.08,119.21,1,-1,-1,-1
166,60,1439.68,544.99,39.01,119.02,1,-1,-1,-1
167,60,1433.60,539.74,38.99,118.95,1,-1,-1,-1
168,60,1426.20,537.77,38.98,118.93,1,-1,-1,-1
169,60,1423.62,537.04,38.98,118.93,1,-1,-1,-1
170,60,1416.70,533.88,40.86,124.64,1,-1,-1,-1
171,60,1414.24,532.72,41.55,126.75,1,-1,-1,-1
172,60,1407.95,532.31,41.82,127.56,1,-1,-1,-1
173,60,1405.72,532.19,41.92,127.84,1,-1,-1,-1
174,60,1406.23,535.06,40.09,122.27,1,-1,-1,-1
175,60,1399.22,534.21,43.29,132.02,1,-1,-1,-1
176,60,1398.74,540.96,40.68,124.05,1,-1,-1,-1
177,60,1398.89,543.75,39.58,120.72,1,-1,-1,-1
178,60,1393.74,544.76,39.18,119.49,1,-1,-1,-1
179,60,1389.98,542.56,40.92,124.79,1,-1,-1,-1
180,60,1385.40,544.25,39.71,121.12,1,-1,-1,-1
181,60,1383.83,544.89,39.24,119.67,1,-1,-1,-1
182,60,1379.69,537.79,42.96,131.01,1,-1,-1,-1
183,60,1376.63,542.25,40.57,123.71,1,-1,-1,-1
184,60,1372.94,541.56,41.44,126.38,1,-1,-1,-1
185,60,1371.67,535.69,41.76,127.34,1,-1,-1,-1
186,60,1368.75,541.59,40.02,122.04,1,-1,-1,-1
187,60,1368.64,536.53,43.27,131.91,1,-1,-1,-1
188,60,1364.79,539.33,42.48,129.51,1,-1,-1,-1
188,62,1617.00,552.87,39.00,119.00,1,-1,-1,-1
189,60,1363.43,540.49,42.14,128.48,1,-1,-1,-1
189,62,1617.00,552.62,39.00,119.00,1,-1,-1,-1
190,60,1357.35,540.93,42.01,128.07,1,-1,-1,-1
190,62,1613.99,550.23,41.08,125.35,1,-1,-1,-1
191,60,1355.17,541.10,41.95,127.89,1,-1,-1,-1
191,62,1615.84,551.73,39.81,121.46,1,-1,-1,-1
192,60,1352.67,543.69,40.06,122.13,1,-1,-1,-1
192,62,1613.71,550.11,41.28,125.94,1,-1,-1,-1
193,60,1353.71,542.10,41.23,125.70,1,-1,-1,-1
193,62,1615.74,551.76,39.87,121.66,1,-1,-1,-1
194,60,1352.35,544.04,39.80,121.33,1,-1,-1,-1
194,62,1616.55,552.45,39.31,119.95,1,-1,-1,-1
195,60,1348.03,542.22,41.13,125.41,1,-1,-1,-1
195,62,1622.29,552.72,39.11,119.32,1,-1,-1,-1
196,60,1346.51,541.55,41.62,126.89,1,-1,-1,-1
196,62,1618.98,552.83,39.03,119.09,1,-1,-1,-1
197,60,1346.03,541.30,41.81,127.46,1,-1,-1,-1
197,62,1623.11,552.88,39.00,119.00,1,-1,-1,-1
198,60,1343.07,536.48,43.87,133.74,1,-1,-1,-1
198,62,1624.62,552.91,38.99,118.97,1,-1,-1,-1
199,60,1342.01,534.68,44.65,136.08,1,-1,-1,-1
199,62,1625.16,552.93,38.99,118.97,1,-1,-1,-1
200,60,1341.69,534.00,44.94,136.96,1,-1,-1,-1
200,62,1628.74,550.77,40.87,124.70,1,-1,-1,-1
201,60,1338.96,538.44,43.06,131.23,1,-1,-1,-1
201,62,1630.04,549.98,41.57,126.82,1,-1,-1,-1
202,60,1340.76,535.42,44.33,135.10,1,-1,-1,-1
202,62,1632.38,551.81,39.99,121.98,1,-1,-1,-1
203,60,1338.76,539.01,42.82,130.47,1,-1,-1,-1
203,62,1631.30,550.38,41.24,125.81,1,-1,-1,-1
204,60,1338.07,540.43,42.21,128.63,1,-1,-1,-1
204,62,1635.21,545.57,43.68,133.23,1,-1,-1,-1
205,60,1337.88,540.96,41.98,127.94,1,-1,-1,-1
205,62,1637.94,547.97,42.66,130.09,1,-1,-1,-1
206,60,1336.79,543.70,40.02,121.97,1,-1,-1,-1
206,62,1640.46,551.13,40.36,123.08,1,-1,-1,-1
207,60,1334.12,543.50,43.24,131.77,1,-1,-1,-1
207,62,1645.52,550.17,41.37,126.15,1,-1,-1,-1
208,60,1330.90,547.68,42.41,129.25,1,-1,-1,-1
208,62,1648.48,557.22,39.87,121.59,1,-1,-1,-1
209,60,1330.14,538.12,46.24,140.89,1,-1,-1,-1
209,62,1647.46,554.18,43.21,131.75,1,-1,-1,-1
210,60,1329.86,534.63,47.64,145.14,1,-1,-1,-1
210,62,1653.01,553.09,44.41,135.39,1,-1,-1,-1
211,60,1331.68,539.91,46.09,140.40,1,-1,-1,-1
211,62,1655.57,556.50,42.91,130.81,1,-1,-1,-1
212,60,1332.49,542.04,45.44,138.42,1,-1,-1,-1
212,62,1662.16,557.84,42.29,128.93,1,-1,-1,-1
212,65,879.78,532.72,20.46,63.24,1,-1,-1,-1
213,60,1332.83,542.85,45.19,137.64,1,-1,-1,-1
213,62,1664.54,558.32,42.06,128.21,1,-1,-1,-1
213,65,878.74,530.46,21.57,66.68,1,-1,-1,-1
214,60,1332.99,543.14,45.09,137.32,1,-1,-1,-1
214,62,1671.02,558.49,41.96,127.92,1,-1,-1,-1
214,65,877.97,530.54,21.81,67.41,1,-1,-1,-1
215,60,1333.08,543.25,45.04,137.18,1,-1,-1,-1
215,62,1673.71,554.60,43.93,133.90,1,-1,-1,-1
216,60,1333.14,549.34,45.02,137.11,1,-1,-1,-1
216,62,1680.61,553.15,44.66,136.12,1,-1,-1,-1
217,60,1336.54,555.55,43.00,130.97,1,-1,-1,-1
217,62,1683.17,552.59,44.94,136.95,1,-1,-1,-1
218,60,1337.87,557.88,42.22,128.60,1,-1,-1,-1
218,62,1686.50,552.37,45.27,137.95,1,-1,-1,-1
219,60,1341.12,554.70,43.97,133.94,1,-1,-1,-1
220,60,1342.30,553.52,44.62,135.88,1,-1,-1,-1
221,60,1341.31,546.67,47.00,143.13,1,-1,-1,-1
222,60,1345.16,548.62,43.83,133.50,1,-1,-1,-1
223,60,1348.86,544.67,46.77,142.41,1,-1,-1,-1
224,60,1350.17,543.28,47.80,145.55,1,-1,-1,-1
225,60,1351.67,543.07,46.08,140.31,1,-1,-1,-1
226,60,1351.14,542.68,47.55,144.76,1,-1,-1,-1
227,60,1350.93,542.55,48.09,146.38,1,-1,-1,-1
227,62,1752.75,542.98,48.17,146.75,1,-1,-1,-1
228,60,1357.28,542.51,48.28,146.97,1,-1,-1,-1
228,62,1756.96,542.90,46.04,140.24,1,-1,-1,-1
229,60,1359.68,542.51,48.35,147.16,1,-1,-1,-1
229,62,1763.58,542.54,47.51,144.71,1,-1,-1,-1
230,60,1360.54,542.53,48.36,147.19,1,-1,-1,-1
230,62,1772.29,542.43,48.05,146.30,1,-1,-1,-1
231,60,1362.47,540.35,50.65,154.14,1,-1,-1,-1
231,62,1781.89,542.41,48.24,146.88,1,-1,-1,-1
232,60,1367.98,547.95,47.15,143.48,1,-1,-1,-1
232,62,1791.76,542.42,48.31,147.07,1,-1,-1,-1
233,60,1370.09,551.04,45.70,139.09,1,-1,-1,-1
233,62,1801.78,542.45,48.33,147.11,1,-1,-1,-1
234,60,1370.66,545.66,47.36,144.13,1,-1,-1,-1
234,62,1811.78,542.47,48.33,147.10,1,-1,-1,-1
235,60,1370.96,550.04,45.83,139.47,1,-1,-1,-1
235,62,1821.81,542.50,48.32,147.07,1,-1,-1,-1
236,60,1373.07,543.04,49.74,151.35,1,-1,-1,-1
236,62,1828.04,540.32,50.62,154.02,1,-1,-1,-1
237,60,1373.83,540.53,51.15,155.61,1,-1,-1,-1
237,62,1840.29,541.68,49.21,149.74,1,-1,-1,-1
238,60,1380.85,539.55,51.70,157.26,1,-1,-1,-1
238,62,1846.25,535.65,53.43,162.53,1,-1,-1,-1
239,60,1383.52,539.19,51.89,157.84,1,-1,-1,-1
239,62,1854.12,534.71,54.07,164.48,1,-1,-1,-1
240,60,1390.23,534.76,54.40,165.43,1,-1,-1,-1
241,60,1393.86,537.35,52.93,160.96,1,-1,-1,-1
242,60,1395.15,538.45,52.31,159.06,1,-1,-1,-1
243,60,1403.82,541.40,47.61,144.78,1,-1,-1,-1
244,60,1407.00,542.58,45.77,139.19,1,-1,-1,-1
245,60,1413.81,540.40,49.70,151.15,1,-1,-1,-1
246,60,1418.65,541.80,48.82,148.48,1,-1,-1,-1
247,60,1424.88,540.16,50.78,154.41,1,-1,-1,-1
248,60,1429.05,541.73,49.23,149.69,1,-1,-1,-1
249,60,1435.45,540.14,50.93,154.85,1,-1,-1,-1
250,60,1438.51,535.23,53.99,164.16,1,-1,-1,-1
251,60,1446.62,539.77,50.51,153.57,1,-1,-1,-1
252,60,1455.57,539.43,51.39,156.24,1,-1,-1,-1
253,60,1458.71,539.31,51.71,157.20,1,-1,-1,-1
254,60,1466.65,528.14,56.92,173.00,1,-1,-1,-1
255,60,1476.25,534.75,53.93,163.93,1,-1,-1,-1
256,60,1486.06,539.82,50.32,152.94,1,-1,-1,-1
257,60,1493.67,535.03,53.83,163.59,1,-1,-1,-1
258,60,1503.66,533.35,55.06,167.32,1,-1,-1,-1
259,60,1507.32,532.72,55.53,168.73,1,-1,-1,-1
260,60,1515.84,532.50,55.69,169.22,1,-1,-1,-1
261,60,1526.34,532.44,55.74,169.35,1,-1,-1,-1
262,60,1533.28,531.87,56.14,170.57,1,-1,-1,-1
271,73,1582.48,587.84,63.05,191.12,1,-1,-1,-1
272,73,1597.88,595.73,63.92,193.76,1,-1,-1,-1
273,73,1614.94,589.12,67.54,204.73,1,-1,-1,-1
274,73,1628.32,584.86,72.18,218.79,1,-1,-1,-1
275,73,1643.70,585.19,70.52,213.75,1,-1,-1,-1
276,73,1658.20,594.88,69.72,211.29,1,-1,-1,-1
277,73,1678.17,593.82,76.28,231.16,1,-1,-1,-1
278,73,1692.98,594.20,78.24,237.10,1,-1,-1,-1
280,73,1727.97,606.63,79.44,240.68,1,-1,-1,-1
281,73,1743.34,608.23,81.11,245.76,1,-1,-1,-1
283,60,1741.99,533.72,63.88,193.96,1,-1,-1,-1
284,60,1756.95,542.69,61.02,185.26,1,-1,-1,-1
284,73,1806.64,609.49,79.79,241.71,1,-1,-1,-1
285,60,1770.08,545.66,60.08,182.38,1,-1,-1,-1
285,73,1824.59,609.54,79.51,240.84,1,-1,-1,-1
286,60,1781.28,538.09,62.64,190.10,1,-1,-1,-1
286,73,1841.61,610.69,80.48,243.76,1,-1,-1,-1
287,60,1794.38,543.73,60.75,184.34,1,-1,-1,-1
288,60,1806.77,537.32,62.88,190.80,1,-1,-1,-1
288,76,1269.05,550.47,41.20,125.71,1,-1,-1,-1
289,60,1819.24,543.40,60.83,184.58,1,-1,-1,-1
289,76,1272.77,552.07,39.81,121.45,1,-1,-1,-1
290,60,1827.35,534.80,66.00,200.23,1,-1,-1,-1
290,76,1279.73,552.72,39.24,119.74,1,-1,-1,-1
291,60,1839.17,531.72,67.87,205.84,1,-1,-1,-1
291,76,1281.85,552.94,39.05,119.16,1,-1,-1,-1
292,60,1856.18,541.22,65.59,198.93,1,-1,-1,-1
292,76,1288.00,553.01,38.99,118.97,1,-1,-1,-1
293,60,1870.87,545.03,64.65,196.07,1,-1,-1,-1
293,76,1292.27,553.11,38.91,118.72,1,-1,-1,-1
294,60,1882.86,545.66,64.94,196.95,1,-1,-1,-1
294,76,1295.87,557.36,41.26,125.89,1,-1,-1,-1
295,76,1300.04,558.09,41.56,126.79,1,-1,-1,-1
315,86,221.55,635.08,44.95,136.84,1,-1,-1,-1
316,76,1389.74,591.81,48.13,146.73,1,-1,-1,-1
316,86,218.61,632.23,47.43,144.40,1,-1,-1,-1
317,76,1391.08,592.40,48.25,147.03,1,-1,-1,-1
317,86,220.43,633.99,45.90,139.72,1,-1,-1,-1
318,76,1396.89,596.82,46.14,140.60,1,-1,-1,-1
318,86,218.39,632.02,47.62,144.96,1,-1,-1,-1
319,76,1401.10,598.64,46.17,140.68,1,-1,-1,-1
319,86,220.35,640.24,45.96,139.91,1,-1,-1,-1
320,86,221.13,643.35,45.30,137.91,1,-1,-1,-1
321,86,218.77,642.31,47.30,143.98,1,-1,-1,-1
322,86,214.25,637.35,50.33,153.19,1,-1,-1,-1
323,86,212.55,635.46,51.47,156.64,1,-1,-1,-1
323,88,1535.85,589.13,44.95,136.84,1,-1,-1,-1
324,86,215.54,632.74,49.61,150.97,1,-1,-1,-1
324,88,1537.53,589.13,44.95,136.84,1,-1,-1,-1
325,86,213.08,633.69,51.17,155.68,1,-1,-1,-1
326,86,212.19,634.04,51.73,157.38,1,-1,-1,-1
327,86,212.01,634.66,47.51,144.54,1,-1,-1,-1
327,88,1553.47,589.13,44.95,136.84,1,-1,-1,-1
328,86,204.69,634.43,50.39,153.30,1,-1,-1,-1
328,88,1557.18,591.15,47.28,143.95,1,-1,-1,-1
329,86,203.17,634.32,50.78,154.49,1,-1,-1,-1
329,88,1560.81,591.49,47.67,145.12,1,-1,-1,-1
330,86,193.45,634.33,51.60,156.96,1,-1,-1,-1
330,94,12.22,646.30,44.95,136.84,1,-1,-1,-1
331,76,1427.03,600.99,55.26,168.22,1,-1,-1,-1
331,86,191.04,634.32,51.83,157.65,1,-1,-1,-1
331,94,9.97,644.05,44.95,136.84,1,-1,-1,-1
332,76,1429.66,601.56,55.84,170.00,1,-1,-1,-1
332,86,184.32,627.01,54.38,165.36,1,-1,-1,-1
332,94,7.26,641.34,44.95,136.84,1,-1,-1,-1
333,86,181.46,626.15,55.01,167.29,1,-1,-1,-1
334,86,180.03,624.16,52.66,160.14,1,-1,-1,-1
335,86,179.46,623.61,52.15,158.57,1,-1,-1,-1
335,95,1829.92,515.47,44.96,137.01,1,-1,-1,-1
336,86,172.84,623.06,54.46,165.56,1,-1,-1,-1
336,95,1834.92,515.07,42.78,130.37,1,-1,-1,-1
337,86,169.90,630.08,52.88,160.74,1,-1,-1,-1
337,95,1845.57,515.19,44.28,134.95,1,-1,-1,-1
338,86,168.92,632.90,52.23,158.75,1,-1,-1,-1
338,95,1850.69,514.38,44.45,135.45,1,-1,-1,-1
339,86,161.65,633.96,51.97,157.98,1,-1,-1,-1
339,95,1849.44,515.27,44.86,136.69,1,-1,-1,-1
340,86,159.08,634.48,54.36,165.21,1,-1,-1,-1
340,95,1853.38,514.77,45.06,137.32,1,-1,-1,-1
341,86,150.85,634.67,55.24,167.88,1,-1,-1,-1
341,96,1358.69,564.59,56.72,172.35,1,-1,-1,-1
342,76,1444.51,607.29,59.55,181.14,1,-1,-1,-1
342,86,146.76,632.75,58.19,176.81,1,-1,-1,-1
342,96,1357.88,566.52,57.02,173.27,1,-1,-1,-1
343,76,1444.77,615.89,59.66,181.38,1,-1,-1,-1
343,86,146.72,647.40,54.32,165.05,1,-1,-1,-1
344,76,1444.63,613.63,62.57,190.10,1,-1,-1,-1
344,86,139.92,653.32,52.70,160.12,1,-1,-1,-1
345,76,1444.55,621.19,63.64,193.30,1,-1,-1,-1
345,86,135.00,655.64,57.29,174.05,1,-1,-1,-1
346,76,1444.45,624.11,64.05,194.47,1,-1,-1,-1
346,86,127.50,664.62,56.36,171.23,1,-1,-1,-1
347,76,1444.35,625.18,64.18,194.84,1,-1,-1,-1
347,86,117.27,668.13,55.96,169.98,1,-1,-1,-1
348,76,1444.51,637.86,61.39,186.35,1,-1,-1,-1
348,86,113.55,669.35,55.79,169.47,1,-1,-1,-1
349,76,1444.26,638.77,63.16,191.69,1,-1,-1,-1
349,86,112.33,669.71,55.72,169.24,1,-1,-1,-1
350,76,1452.30,642.87,60.99,185.08,1,-1,-1,-1
350,86,101.42,669.35,58.33,177.15,1,-1,-1,-1
351,76,1455.74,640.42,62.99,191.14,1,-1,-1,-1
351,86,97.44,669.17,59.30,180.09,1,-1,-1,-1
352,76,1456.96,647.96,63.72,193.34,1,-1,-1,-1
352,86,91.85,676.76,57.05,173.25,1,-1,-1,-1
353,76,1457.01,654.05,61.17,185.60,1,-1,-1,-1
353,86,86.21,679.77,58.82,178.59,1,-1,-1,-1
354,76,1457.28,661.61,63.04,191.25,1,-1,-1,-1
354,86,80.52,680.68,56.84,172.58,1,-1,-1,-1
355,76,1457.35,664.30,63.72,193.30,1,-1,-1,-1
355,86,82.06,692.79,53.55,162.60,1,-1,-1,-1
356,76,1452.74,659.84,67.01,203.23,1,-1,-1,-1
356,86,75.02,685.26,57.56,174.77,1,-1,-1,-1
357,76,1450.97,658.08,68.24,206.95,1,-1,-1,-1
357,86,64.70,682.63,58.97,179.03,1,-1,-1,-1
358,76,1450.25,657.28,68.70,208.33,1,-1,-1,-1
358,86,55.23,679.39,62.32,189.17,1,-1,-1,-1
359,76,1449.95,665.96,68.86,208.78,1,-1,-1,-1
359,86,49.49,680.20,60.83,184.63,1,-1,-1,-1
359,102,1378.89,609.19,65.04,197.02,1,-1,-1,-1
360,76,1449.82,669.22,68.90,208.88,1,-1,-1,-1
360,86,41.29,678.32,63.02,191.27,1,-1,-1,-1
360,102,1378.55,622.27,63.92,193.63,1,-1,-1,-1
361,76,1449.45,672.47,72.14,218.67,1,-1,-1,-1
361,86,36.64,687.55,61.05,185.27,1,-1,-1,-1
361,102,1375.34,617.12,70.86,214.65,1,-1,-1,-1
362,76,1458.57,680.55,70.16,212.65,1,-1,-1,-1
362,86,27.12,691.15,60.23,182.79,1,-1,-1,-1
362,102,1377.18,623.51,66.50,201.45,1,-1,-1,-1
363,76,1462.18,683.61,69.32,210.11,1,-1,-1,-1
363,86,16.97,686.71,65.82,199.70,1,-1,-1,-1
363,102,1369.06,627.77,67.99,205.96,1,-1,-1,-1
364,76,1463.48,686.83,69.74,211.37,1,-1,-1,-1
364,86,12.67,689.09,64.92,196.97,1,-1,-1,-1
364,102,1367.03,631.96,68.18,206.53,1,-1,-1,-1
365,76,1463.80,695.79,68.96,208.98,1,-1,-1,-1
365,86,6.22,690.35,65.59,199.01,1,-1,-1,-1
366,76,1465.00,699.60,69.25,209.87,1,-1,-1,-1
369,76,1464.56,716.82,73.18,221.74,1,-1,-1,-1
369,105,1569.74,675.09,72.64,219.78,1,-1,-1,-1
370,76,1465.38,721.17,73.75,223.48,1,-1,-1,-1
370,96,1359.56,642.89,73.42,222.89,1,-1,-1,-1
370,105,1568.48,676.00,72.58,219.59,1,-1,-1,-1
371,96,1359.59,643.84,73.67,223.51,1,-1,-1,-1
372,76,1458.64,722.41,78.26,237.09,1,-1,-1,-1
372,96,1350.10,642.87,77.24,234.24,1,-1,-1,-1
373,76,1457.60,722.70,78.99,239.25,1,-1,-1,-1
373,96,1349.15,645.06,78.11,236.88,1,-1,-1,-1
374,76,1457.22,722.76,79.25,240.00,1,-1,-1,-1
374,96,1345.80,642.46,78.88,239.12,1,-1,-1,-1
375,76,1458.13,722.82,83.04,251.43,1,-1,-1,-1
375,96,1344.61,644.17,79.74,241.71,1,-1,-1,-1
375,105,1553.21,688.81,78.85,238.54,1,-1,-1,-1
376,76,1458.47,722.78,84.46,255.70,1,-1,-1,-1
376,96,1344.70,642.08,79.26,240.18,1,-1,-1,-1
376,105,1552.29,689.58,79.21,239.65,1,-1,-1,-1
377,76,1458.60,722.65,84.98,257.25,1,-1,-1,-1
377,96,1343.63,643.42,79.98,242.37,1,-1,-1,-1
377,105,1541.35,689.82,79.33,239.99,1,-1,-1,-1
378,76,1457.60,732.76,81.45,246.53,1,-1,-1,-1
378,105,1537.34,689.84,79.34,240.04,1,-1,-1,-1
379,76,1454.57,723.83,87.84,265.85,1,-1,-1,-1
379,105,1535.96,689.78,79.32,239.97,1,-1,-1,-1
380,76,1453.48,720.61,90.16,272.83,1,-1,-1,-1
380,105,1535.57,689.70,79.29,239.88,1,-1,-1,-1
381,76,1455.60,731.62,83.44,252.47,1,-1,-1,-1
381,105,1535.55,689.62,79.26,239.78,1,-1,-1,-1
382,76,1455.42,733.82,83.99,254.16,1,-1,-1,-1
382,105,1535.65,689.55,79.23,239.69,1,-1,-1,-1
383,76,1444.53,737.86,84.66,256.14,1,-1,-1,-1
383,105,1525.21,689.48,79.20,239.61,1,-1,-1,-1
384,76,1442.09,738.99,84.87,256.76,1,-1,-1,-1
384,105,1531.93,689.42,79.17,239.53,1,-1,-1,-1
385,76,1436.71,737.90,88.97,269.13,1,-1,-1,-1
385,105,1528.12,688.01,82.92,250.85,1,-1,-1,-1
385,110,1388.74,561.69,45.87,139.80,1,-1,-1,-1
386,76,1434.89,739.80,89.88,271.88,1,-1,-1,-1
386,105,1526.75,687.47,84.31,255.05,1,-1,-1,-1
386,110,1389.22,565.39,42.90,130.73,1,-1,-1,-1
387,76,1434.27,737.46,90.81,274.68,1,-1,-1,-1
387,105,1522.25,688.59,81.11,245.38,1,-1,-1,-1
387,110,1381.52,562.61,44.22,134.76,1,-1,-1,-1
388,76,1427.06,750.01,87.05,263.29,1,-1,-1,-1
388,105,1519.85,689.00,81.45,246.40,1,-1,-1,-1
388,110,1378.54,562.18,44.01,134.11,1,-1,-1,-1
389,76,1424.81,752.59,87.50,264.64,1,-1,-1,-1
389,110,1376.74,567.79,39.84,121.41,1,-1,-1,-1
390,105,1479.57,716.13,79.49,240.47,1,-1,-1,-1
390,110,1370.29,568.87,39.00,118.86,1,-1,-1,-1
390,111,1218.96,641.49,77.72,235.40,1,-1,-1,-1
391,76,1416.87,755.05,90.45,273.54,1,-1,-1,-1
391,105,1473.21,720.42,79.18,239.53,1,-1,-1,-1
391,110,1366.85,569.66,38.06,115.99,1,-1,-1,-1
391,111,1205.14,641.03,79.27,240.09,1,-1,-1,-1
392,76,1414.29,757.37,91.10,275.50,1,-1,-1,-1
392,105,1460.43,721.86,79.07,239.21,1,-1,-1,-1
392,111,1200.42,640.90,79.64,241.21,1,-1,-1,-1
393,76,1402.28,751.75,96.16,290.76,1,-1,-1,-1
393,105,1453.72,724.82,79.09,239.27,1,-1,-1,-1
393,111,1187.88,640.87,79.66,241.24,1,-1,-1,-1
394,76,1398.15,766.23,93.03,281.29,1,-1,-1,-1
394,111,1180.60,640.61,81.04,245.43,1,-1,-1,-1
395,76,1384.88,769.16,96.16,290.71,1,-1,-1,-1
395,110,1337.84,569.20,38.78,118.22,1,-1,-1,-1
396,76,1380.32,771.97,97.08,293.49,1,-1,-1,-1
396,105,1411.78,722.43,79.02,239.05,1,-1,-1,-1
396,110,1332.62,569.57,38.37,116.96,1,-1,-1,-1
397,105,1402.96,724.30,79.03,239.07,1,-1,-1,-1
397,110,1322.63,560.70,41.06,125.17,1,-1,-1,-1
397,111,1153.60,655.33,79.53,240.85,1,-1,-1,-1
398,76,1362.07,770.62,97.67,295.23,1,-1,-1,-1
398,110,1316.87,560.02,41.00,124.97,1,-1,-1,-1
398,111,1145.69,656.97,80.22,242.93,1,-1,-1,-1
399,76,1345.72,770.37,97.76,295.50,1,-1,-1,-1
400,76,1339.23,772.30,98.49,297.71,1,-1,-1,-1
403,76,1303.39,787.61,97.83,295.67,1,-1,-1,-1
403,111,1085.88,633.49,96.41,291.87,1,-1,-1,-1
404,76,1295.42,790.40,98.30,297.10,1,-1,-1,-1
404,110,1258.38,560.72,39.12,119.27,1,-1,-1,-1
404,111,1077.23,647.39,102.21,309.32,1,-1,-1,-1
405,110,1246.21,558.95,40.99,124.96,1,-1,-1,-1
405,111,1065.80,649.75,99.92,302.32,1,-1,-1,-1
406,110,1234.73,560.14,39.71,121.08,1,-1,-1,-1
406,111,1048.90,650.69,98.88,299.13,1,-1,-1,-1
407,110,1220.06,560.63,39.22,119.57,1,-1,-1,-1
407,111,1033.10,658.62,94.17,284.82,1,-1,-1,-1
408,110,1209.61,560.81,39.03,119.03,1,-1,-1,-1
408,111,1015.37,661.66,92.27,279.06,1,-1,-1,-1
409,110,1195.42,560.89,38.97,118.85,1,-1,-1,-1
409,111,991.95,655.05,95.88,289.95,1,-1,-1,-1
410,110,1179.85,560.93,38.95,118.80,1,-1,-1,-1
410,111,964.54,660.13,92.95,281.07,1,-1,-1,-1
411,110,1169.29,560.83,38.82,118.39,1,-1,-1,-1
411,111,936.74,657.35,100.76,304.63,1,-1,-1,-1
412,110,1154.23,560.94,38.94,118.78,1,-1,-1,-1
412,111,912.07,666.10,99.11,299.61,1,-1,-1,-1
413,110,1138.99,560.96,38.96,118.83,1,-1,-1,-1
413,111,890.13,669.61,98.36,297.33,1,-1,-1,-1
414,110,1128.48,560.96,38.96,118.85,1,-1,-1,-1
414,111,867.55,677.66,93.73,283.33,1,-1,-1,-1
415,110,1114.37,560.97,38.97,118.87,1,-1,-1,-1
415,111,835.38,673.77,96.31,291.08,1,-1,-1,-1
416,110,1098.91,560.97,38.97,118.88,1,-1,-1,-1
416,111,811.15,672.32,97.23,293.87,1,-1,-1,-1
417,110,1086.79,560.93,38.91,118.69,1,-1,-1,-1
417,111,789.70,671.71,97.57,294.87,1,-1,-1,-1
418,111,769.35,671.43,97.68,295.18,1,-1,-1,-1
419,111,749.42,671.28,97.70,295.24,1,-1,-1,-1
420,110,1032.24,551.00,41.49,126.54,1,-1,-1,-1
420,111,716.68,684.17,97.69,295.20,1,-1,-1,-1
421,110,1014.65,549.84,41.79,127.46,1,-1,-1,-1
421,111,682.94,679.89,102.31,309.11,1,-1,-1,-1
422,110,995.55,551.57,40.04,122.13,1,-1,-1,-1
422,111,654.24,687.21,99.48,300.55,1,-1,-1,-1
423,110,977.03,545.74,43.28,131.96,1,-1,-1,-1
423,111,618.12,690.03,98.31,297.01,1,-1,-1,-1
424,110,956.03,547.85,42.49,129.56,1,-1,-1,-1
424,111,579.37,691.01,97.85,295.64,1,-1,-1,-1
425,110,937.22,543.14,42.16,128.53,1,-1,-1,-1
425,111,553.04,692.99,98.07,296.30,1,-1,-1,-1
426,110,919.38,547.05,42.02,128.11,1,-1,-1,-1
426,111,505.01,683.16,109.00,329.26,1,-1,-1,-1
427,110,899.10,550.71,40.10,122.26,1,-1,-1,-1
427,111,469.33,692.84,106.57,321.90,1,-1,-1,-1
428,110,877.84,549.97,41.25,125.78,1,-1,-1,-1
428,111,422.48,684.97,115.81,349.79,1,-1,-1,-1
429,110,858.25,551.84,39.81,121.40,1,-1,-1,-1
429,111,387.80,696.30,114.09,344.56,1,-1,-1,-1
430,110,840.82,551.74,39.71,121.10,1,-1,-1,-1
430,111,344.95,711.54,108.38,327.29,1,-1,-1,-1
431,110,812.07,559.00,39.15,119.38,1,-1,-1,-1
431,111,301.83,711.59,101.41,306.26,1,-1,-1,-1
432,110,793.39,559.70,39.00,118.93,1,-1,-1,-1
432,111,268.28,714.22,101.41,306.26,1,-1,-1,-1
437,120,1414.26,595.27,70.08,212.41,1,-1,-1,-1
438,120,1402.64,597.11,70.45,213.54,1,-1,-1,-1
440,121,1163.73,661.69,65.17,197.56,1,-1,-1,-1
441,120,1313.29,600.08,68.75,208.39,1,-1,-1,-1
441,121,1139.13,658.96,71.51,216.76,1,-1,-1,-1
442,120,1285.21,600.36,68.62,207.97,1,-1,-1,-1
442,121,1117.39,666.34,70.00,212.18,1,-1,-1,-1
443,110,533.72,566.91,41.76,127.33,1,-1,-1,-1
443,120,1257.26,600.45,68.57,207.83,1,-1,-1,-1
443,121,1086.59,657.11,80.60,244.28,1,-1,-1,-1
444,110,508.41,567.13,41.87,127.66,1,-1,-1,-1
444,120,1229.13,600.44,68.57,207.80,1,-1,-1,-1
444,121,1060.11,667.19,80.54,244.06,1,-1,-1,-1
445,110,482.78,567.19,41.91,127.77,1,-1,-1,-1
445,120,1198.60,599.18,71.91,217.90,1,-1,-1,-1
445,121,1038.35,668.28,83.06,251.70,1,-1,-1,-1
446,110,456.98,567.20,41.92,127.80,1,-1,-1,-1
446,120,1170.71,595.32,76.63,232.17,1,-1,-1,-1
446,121,1004.62,672.03,76.22,230.96,1,-1,-1,-1
447,110,431.13,567.18,41.92,127.80,1,-1,-1,-1
447,120,1148.78,597.15,74.99,227.20,1,-1,-1,-1
447,121,981.34,673.45,77.56,235.00,1,-1,-1,-1
448,110,400.11,563.64,43.92,133.86,1,-1,-1,-1
448,120,1124.02,597.39,75.63,229.13,1,-1,-1,-1
448,121,947.65,673.38,78.89,239.01,1,-1,-1,-1
449,110,371.87,565.76,42.70,130.15,1,-1,-1,-1
449,121,916.31,673.53,79.33,240.31,1,-1,-1,-1
450,110,343.12,563.06,44.21,134.73,1,-1,-1,-1
450,121,884.41,684.13,79.47,240.70,1,-1,-1,-1
451,110,318.17,565.53,42.79,130.41,1,-1,-1,-1
451,121,858.42,686.74,83.23,252.07,1,-1,-1,-1
452,110,288.32,562.96,44.24,134.80,1,-1,-1,-1
452,121,827.05,687.67,84.63,256.26,1,-1,-1,-1
453,110,259.80,565.49,42.79,130.39,1,-1,-1,-1
453,121,794.52,684.10,89.09,269.73,1,-1,-1,-1
454,110,225.70,562.94,44.23,134.76,1,-1,-1,-1
454,121,755.95,688.71,94.97,287.46,1,-1,-1,-1
455,110,198.92,562.82,44.45,135.45,1,-1,-1,-1
455,121,716.56,690.48,97.24,294.27,1,-1,-1,-1
456,121,687.13,692.30,99.38,300.76,1,-1,-1,-1
457,121,640.15,680.88,103.66,313.62,1,-1,-1,-1
458,121,603.99,696.24,92.10,278.65,1,-1,-1,-1
459,121,559.04,692.94,96.03,290.46,1,-1,-1,-1
459,123,1575.53,737.00,159.00,479.00,1,-1,-1,-1
460,121,514.26,696.52,101.95,308.31,1,-1,-1,-1
460,123,1559.37,737.00,159.00,479.00,1,-1,-1,-1
461,121,476.12,705.82,99.71,301.51,1,-1,-1,-1
462,121,419.85,719.27,108.23,327.22,1,-1,-1,-1
463,121,383.20,722.79,110.41,333.80,1,-1,-1,-1
463,123,1437.67,775.40,148.83,448.36,1,-1,-1,-1
464,123,1405.39,778.57,147.99,445.83,1,-1,-1,-1
465,123,1368.94,801.51,140.80,424.20,1,-1,-1,-1
466,123,1338.12,810.47,138.24,416.49,1,-1,-1,-1
513,147,1619.64,661.69,65.17,197.56,1,-1,-1,-1
514,147,1580.42,673.57,64.13,194.39,1,-1,-1,-1
515,147,1539.20,671.80,67.27,203.92,1,-1,-1,-1
516,147,1506.35,678.44,62.05,188.09,1,-1,-1,-1
517,147,1476.73,682.17,61.17,185.41,1,-1,-1,-1
519,147,1408.83,671.67,67.64,205.03,1,-1,-1,-1
519,157,1344.95,675.20,65.04,197.02,1,-1,-1,-1
520,147,1377.88,672.63,68.03,206.19,1,-1,-1,-1
520,157,1303.93,671.29,67.55,204.61,1,-1,-1,-1
520,158,1754.51,736.17,90.90,274.69,1,-1,-1,-1
521,157,1280.46,671.37,67.49,204.45,1,-1,-1,-1
521,158,1719.83,731.34,95.89,289.79,1,-1,-1,-1
522,147,1311.15,682.19,68.63,208.02,1,-1,-1,-1
522,158,1692.96,734.33,92.80,280.45,1,-1,-1,-1
523,147,1281.62,683.67,68.73,208.31,1,-1,-1,-1
523,158,1658.74,735.53,91.56,276.68,1,-1,-1,-1
524,147,1249.18,688.33,65.70,199.11,1,-1,-1,-1
524,158,1621.34,747.81,82.79,250.22,1,-1,-1,-1
525,147,1214.44,685.77,67.64,205.01,1,-1,-1,-1
525,158,1584.57,740.05,88.19,266.52,1,-1,-1,-1
526,147,1181.19,677.76,71.61,216.99,1,-1,-1,-1
526,157,1093.21,672.75,73.39,222.29,1,-1,-1,-1
526,158,1556.20,719.98,94.34,285.09,1,-1,-1,-1
527,147,1150.07,674.70,73.10,221.50,1,-1,-1,-1
527,157,1069.55,680.13,70.39,213.21,1,-1,-1,-1
527,158,1526.35,717.53,92.32,279.01,1,-1,-1,-1
528,147,1116.32,689.51,70.44,213.44,1,-1,-1,-1
528,157,1033.90,682.75,69.30,209.91,1,-1,-1,-1
528,158,1497.51,711.62,95.89,289.76,1,-1,-1,-1
529,147,1086.35,695.31,69.36,210.15,1,-1,-1,-1
529,157,1003.37,683.67,68.90,208.69,1,-1,-1,-1
529,158,1461.75,709.52,97.18,293.66,1,-1,-1,-1
530,147,1045.58,691.81,75.76,229.51,1,-1,-1,-1
530,157,971.88,684.87,68.94,208.81,1,-1,-1,-1
530,158,1436.31,721.82,97.65,295.06,1,-1,-1,-1
531,147,1010.39,690.54,78.09,236.55,1,-1,-1,-1
531,157,946.49,695.00,68.72,208.15,1,-1,-1,-1
531,158,1400.69,730.81,93.48,282.47,1,-1,-1,-1
532,147,977.32,691.69,79.13,239.69,1,-1,-1,-1
532,157,909.35,697.37,68.67,208.01,1,-1,-1,-1
532,158,1376.66,730.10,96.23,290.76,1,-1,-1,-1
533,147,944.86,702.11,79.22,239.91,1,-1,-1,-1
533,157,878.28,707.44,68.66,207.96,1,-1,-1,-1
533,158,1342.66,729.84,97.22,293.74,1,-1,-1,-1
534,147,912.64,704.71,79.34,240.26,1,-1,-1,-1
534,157,846.81,710.58,68.66,207.97,1,-1,-1,-1
534,158,1320.18,733.92,93.27,281.83,1,-1,-1,-1
535,147,877.04,705.01,83.10,251.62,1,-1,-1,-1
535,158,1289.45,723.87,100.82,304.60,1,-1,-1,-1
536,147,842.22,705.09,84.51,255.83,1,-1,-1,-1
536,158,1261.04,727.37,99.00,299.09,1,-1,-1,-1
537,147,809.44,702.03,88.97,269.29,1,-1,-1,-1
537,158,1227.58,721.57,102.84,310.69,1,-1,-1,-1
538,147,773.96,714.74,86.76,262.58,1,-1,-1,-1
538,158,1202.05,719.41,104.26,314.97,1,-1,-1,-1
539,147,739.12,719.79,85.79,259.62,1,-1,-1,-1
539,158,1179.30,725.80,100.21,302.71,1,-1,-1,-1
539,176,1005.54,576.75,39.73,121.23,1,-1,-1,-1
540,147,704.59,721.62,85.39,258.38,1,-1,-1,-1
540,157,626.82,721.46,78.36,237.32,1,-1,-1,-1
540,158,1144.27,721.02,103.24,311.85,1,-1,-1,-1
540,176,981.28,577.32,39.09,119.27,1,-1,-1,-1
541,147,670.18,733.48,85.20,257.81,1,-1,-1,-1
541,157,592.77,723.94,79.17,239.77,1,-1,-1,-1
541,158,1111.51,723.37,109.25,329.98,1,-1,-1,-1
541,176,962.42,577.41,38.91,118.73,1,-1,-1,-1
542,147,639.42,747.50,81.36,246.18,1,-1,-1,-1
542,158,1079.15,733.80,106.69,322.24,1,-1,-1,-1
542,176,939.66,577.38,38.87,118.61,1,-1,-1,-1
543,147,607.03,741.43,87.76,265.50,1,-1,-1,-1
543,158,1059.36,744.35,100.97,304.95,1,-1,-1,-1
543,176,921.35,577.33,38.88,118.62,1,-1,-1,-1
544,147,571.82,751.08,90.05,272.39,1,-1,-1,-1
544,158,1040.17,761.56,98.73,298.18,1,-1,-1,-1
544,176,902.04,582.15,40.85,124.62,1,-1,-1,-1
545,147,545.72,755.39,86.96,263.06,1,-1,-1,-1
545,158,1013.69,762.30,102.60,309.87,1,-1,-1,-1
545,176,882.03,579.14,39.66,121.02,1,-1,-1,-1
546,147,512.93,759.47,87.60,264.99,1,-1,-1,-1
546,157,388.10,766.33,79.28,240.06,1,-1,-1,-1
546,158,985.92,767.87,99.42,300.26,1,-1,-1,-1
546,176,864.61,577.89,39.20,119.60,1,-1,-1,-1
547,157,351.41,771.11,79.79,241.59,1,-1,-1,-1
547,158,960.01,791.07,85.88,259.41,1,-1,-1,-1
547,176,842.77,577.42,39.03,119.09,1,-1,-1,-1
548,147,409.43,744.35,101.91,308.20,1,-1,-1,-1
548,158,932.46,796.62,84.37,254.86,1,-1,-1,-1
548,176,824.14,576.20,40.88,124.70,1,-1,-1,-1
549,147,366.66,747.16,109.03,329.66,1,-1,-1,-1
549,158,906.71,775.35,94.77,286.26,1,-1,-1,-1
549,176,806.47,575.74,41.55,126.76,1,-1,-1,-1
550,147,335.46,756.62,107.00,323.47,1,-1,-1,-1
550,158,880.41,792.97,84.46,255.15,1,-1,-1,-1
550,176,783.56,575.57,41.81,127.53,1,-1,-1,-1
551,147,297.36,765.68,101.50,306.82,1,-1,-1,-1
551,158,847.87,757.38,97.99,296.03,1,-1,-1,-1
551,176,764.26,575.50,41.90,127.81,1,-1,-1,-1
552,147,258.33,769.08,99.26,300.03,1,-1,-1,-1
552,158,822.78,759.33,102.36,309.21,1,-1,-1,-1
552,176,746.36,575.47,41.93,127.88,1,-1,-1,-1
553,147,218.98,783.25,98.40,297.39,1,-1,-1,-1
553,158,791.18,765.44,99.60,300.88,1,-1,-1,-1
553,176,729.01,575.46,41.94,127.89,1,-1,-1,-1
554,147,179.51,788.45,98.04,296.30,1,-1,-1,-1
554,158,763.20,765.43,100.28,302.92,1,-1,-1,-1
554,176,711.85,575.46,41.93,127.87,1,-1,-1,-1
555,147,142.13,792.82,98.72,298.36,1,-1,-1,-1
555,158,746.31,768.37,98.27,296.84,1,-1,-1,-1
555,176,694.75,575.46,41.93,127.85,1,-1,-1,-1
556,158,719.02,763.49,102.63,310.00,1,-1,-1,-1
556,176,673.39,572.35,43.92,133.91,1,-1,-1,-1
557,158,695.75,761.81,104.14,314.56,1,-1,-1,-1
557,176,658.90,574.25,42.70,130.18,1,-1,-1,-1
558,158,670.20,766.50,100.12,302.42,1,-1,-1,-1
558,176,636.96,571.89,44.21,134.77,1,-1,-1,-1
559,158,648.60,768.35,98.51,297.53,1,-1,-1,-1
559,176,623.25,571.02,44.77,136.45,1,-1,-1,-1
560,158,615.35,782.12,97.89,295.68,1,-1,-1,-1
560,176,602.97,571.68,47.10,143.52,1,-1,-1,-1
561,158,589.10,759.90,107.31,324.10,1,-1,-1,-1
561,176,587.52,570.97,45.88,139.81,1,-1,-1,-1
562,158,560.13,755.04,115.91,350.01,1,-1,-1,-1
562,176,571.31,571.70,47.51,144.76,1,-1,-1,-1
563,158,534.08,753.14,119.29,360.19,1,-1,-1,-1
563,176,552.75,576.95,46.01,140.16,1,-1,-1,-1
564,158,509.22,752.43,120.58,364.05,1,-1,-1,-1
564,176,539.00,581.75,43.38,132.16,1,-1,-1,-1
565,158,478.46,763.50,115.81,349.63,1,-1,-1,-1
565,176,522.53,582.24,46.61,141.98,1,-1,-1,-1
566,158,452.84,767.94,113.83,343.64,1,-1,-1,-1
566,176,503.97,582.41,47.75,145.43,1,-1,-1,-1
567,158,433.61,774.03,118.37,357.31,1,-1,-1,-1
567,176,487.49,581.05,46.08,140.32,1,-1,-1,-1
568,158,411.25,776.28,120.04,362.33,1,-1,-1,-1
568,176,469.81,586.57,45.39,138.24,1,-1,-1,-1
569,158,385.63,787.47,115.39,348.29,1,-1,-1,-1
569,176,453.50,583.95,47.29,144.01,1,-1,-1,-1
570,158,362.00,791.79,113.49,342.55,1,-1,-1,-1
570,176,434.66,582.62,50.26,153.01,1,-1,-1,-1
571,158,336.50,794.06,114.01,344.14,1,-1,-1,-1
571,176,421.09,582.10,51.40,156.44,1,-1,-1,-1
572,176,402.81,581.88,51.83,157.73,1,-1,-1,-1
573,176,382.65,581.78,51.97,158.15,1,-1,-1,-1
574,176,368.63,588.61,52.01,158.24,1,-1,-1,-1
575,176,354.16,591.10,49.73,151.28,1,-1,-1,-1
576,176,338.30,592.14,51.14,155.57,1,-1,-1,-1
577,176,319.11,590.65,54.10,164.54,1,-1,-1,-1
578,176,305.34,591.88,52.81,160.62,1,-1,-1,-1
579,176,285.50,590.47,54.73,166.41,1,-1,-1,-1
580,176,271.13,589.92,55.44,168.54,1,-1,-1,-1
581,176,251.48,589.69,55.69,169.30,1,-1,-1,-1
582,176,237.17,589.58,55.77,169.52,1,-1,-1,-1
583,176,224.91,596.93,55.79,169.54,1,-1,-1,-1
584,176,207.67,596.14,58.41,177.47,1,-1,-1,-1
585,176,193.71,595.82,59.39,180.42,1,-1,-1,-1
586,176,181.03,595.66,59.75,181.50,1,-1,-1,-1
587,176,168.80,606.49,57.25,173.90,1,-1,-1,-1
588,176,149.85,610.67,56.24,170.82,1,-1,-1,-1
589,176,134.28,609.08,58.52,177.73,1,-1,-1,-1
590,176,120.96,608.46,59.36,180.26,1,-1,-1,-1
591,176,105.16,602.62,62.48,189.71,1,-1,-1,-1
591,181,1761.67,570.88,59.61,180.69,1,-1,-1,-1
592,176,91.15,608.73,63.66,193.26,1,-1,-1,-1
592,181,1764.10,576.32,56.37,170.87,1,-1,-1,-1
593,176,77.86,611.12,64.10,194.56,1,-1,-1,-1
593,181,1769.34,572.59,58.50,177.36,1,-1,-1,-1
594,176,58.83,604.28,67.25,204.07,1,-1,-1,-1
594,181,1775.17,576.49,56.31,170.72,1,-1,-1,-1
595,176,42.99,610.59,68.43,207.63,1,-1,-1,-1
595,181,1772.98,581.48,58.45,177.22,1,-1,-1,-1
596,176,28.37,613.06,68.87,208.92,1,-1,-1,-1
596,181,1772.20,583.13,59.19,179.46,1,-1,-1,-1
596,182,321.76,529.85,37.70,115.03,1,-1,-1,-1
597,176,22.04,621.09,66.01,200.23,1,-1,-1,-1
597,181,1775.86,587.91,56.74,172.06,1,-1,-1,-1
597,182,314.75,528.97,39.04,119.14,1,-1,-1,-1
598,176,12.42,626.14,67.90,205.94,1,-1,-1,-1
598,181,1777.19,581.79,55.83,169.31,1,-1,-1,-1
598,182,312.35,528.73,39.41,120.27,1,-1,-1,-1
599,176,0.09,628.09,71.81,217.76,1,-1,-1,-1
599,181,1780.51,576.00,61.20,185.60,1,-1,-1,-1
599,182,306.11,528.70,39.46,120.41,1,-1,-1,-1
600,176,-4.33,635.08,67.16,203.65,1,-1,-1,-1
600,181,1782.97,572.71,60.30,182.88,1,-1,-1,-1
600,182,304.06,528.72,39.42,120.28,1,-1,-1,-1
601,176,-17.34,637.66,67.66,205.16,1,-1,-1,-1
601,181,1783.85,571.39,59.92,181.72,1,-1,-1,-1
601,182,298.04,528.76,39.36,120.11,1,-1,-1,-1
602,181,1782.81,572.18,62.64,189.95,1,-1,-1,-1
602,182,295.99,534.21,39.31,119.95,1,-1,-1,-1
603,181,1783.97,562.93,66.65,202.09,1,-1,-1,-1
603,182,292.42,533.29,41.16,125.59,1,-1,-1,-1
604,181,1785.18,561.60,67.45,204.53,1,-1,-1,-1
604,182,288.87,535.82,39.98,121.99,1,-1,-1,-1
605,182,287.71,536.80,39.47,120.44,1,-1,-1,-1
606,182,282.09,537.14,39.27,119.81,1,-1,-1,-1
607,182,280.12,537.25,39.18,119.54,1,-1,-1,-1
608,182,279.53,537.26,39.13,119.41,1,-1,-1,-1
609,182,279.45,537.25,39.11,119.33,1,-1,-1,-1
610,182,274.23,531.92,39.09,119.28,1,-1,-1,-1
611,182,272.38,529.90,39.08,119.24,1,-1,-1,-1
612,182,271.80,529.15,39.07,119.21,1,-1,-1,-1
613,181,1819.43,596.84,64.39,195.25,1,-1,-1,-1
613,182,266.40,528.88,39.06,119.18,1,-1,-1,-1
614,181,1822.23,598.73,64.50,195.56,1,-1,-1,-1
614,182,264.47,528.80,39.05,119.16,1,-1,-1,-1
615,181,1842.40,599.16,64.08,194.30,1,-1,-1,-1
615,182,263.85,528.79,39.05,119.14,1,-1,-1,-1
616,181,1851.46,600.24,67.18,203.67,1,-1,-1,-1
616,182,258.44,528.80,39.04,119.12,1,-1,-1,-1
617,181,1856.60,601.90,67.59,204.90,1,-1,-1,-1
617,182,256.50,528.82,39.04,119.11,1,-1,-1,-1
618,182,250.59,528.84,39.03,119.10,1,-1,-1,-1
619,182,248.47,528.86,39.03,119.08,1,-1,-1,-1
620,182,247.79,528.87,39.02,119.07,1,-1,-1,-1
621,182,242.43,525.60,40.89,124.76,1,-1,-1,-1
622,182,240.42,527.62,39.75,121.28,1,-1,-1,-1
623,182,239.81,533.75,39.29,119.87,1,-1,-1,-1
624,182,239.69,530.74,39.11,119.33,1,-1,-1,-1
625,182,239.74,534.90,39.04,119.12,1,-1,-1,-1
626,182,234.24,533.55,40.89,124.74,1,-1,-1,-1
627,182,237.74,541.08,39.74,121.24,1,-1,-1,-1
628,182,233.96,544.04,39.27,119.82,1,-1,-1,-1
629,182,232.62,550.41,39.10,119.28,1,-1,-1,-1
630,182,231.88,550.59,40.91,124.79,1,-1,-1,-1
631,182,237.15,552.73,39.74,121.23,1,-1,-1,-1
632,182,239.34,553.48,39.27,119.79,1,-1,-1,-1
633,182,240.19,553.70,39.09,119.26,1,-1,-1,-1
634,182,240.54,553.72,39.02,119.06,1,-1,-1,-1
635,182,240.69,553.68,39.00,118.98,1,-1,-1,-1
636,182,240.76,558.91,38.99,118.96,1,-1,-1,-1
637,182,240.12,555.13,42.87,130.76,1,-1,-1,-1
638,182,245.64,559.23,40.56,123.72,1,-1,-1,-1
639,182,247.95,560.84,39.57,120.71,1,-1,-1,-1
640,182,249.24,559.61,41.09,125.32,1,-1,-1,-1
641,182,249.70,564.73,41.64,127.01,1,-1,-1,-1
642,182,254.65,568.04,40.00,122.00,1,-1,-1,-1
643,182,255.64,569.72,40.02,122.07,1,-1,-1,-1
647,182,274.02,567.73,41.69,127.16,1,-1,-1,-1
648,182,276.31,568.62,41.86,127.66,1,-1,-1,-1
650,182,283.49,567.44,41.90,127.77,1,-1,-1,-1
651,182,290.46,567.27,41.91,127.80,1,-1,-1,-1
652,182,293.45,567.81,42.04,128.18,1,-1,-1,-1
681,182,600.97,591.92,48.15,146.71,1,-1,-1,-1
682,182,615.30,609.01,46.03,140.22,1,-1,-1,-1
683,182,626.24,602.57,45.29,137.94,1,-1,-1,-1
684,182,637.78,603.87,45.19,137.65,1,-1,-1,-1
688,182,699.05,566.03,47.93,145.94,1,-1,-1,-1
689,182,712.11,563.00,48.15,146.61,1,-1,-1,-1
691,182,757.56,568.86,51.21,155.89,1,-1,-1,-1
692,182,771.91,569.68,51.70,157.33,1,-1,-1,-1
693,182,783.46,567.16,54.33,165.26,1,-1,-1,-1
694,182,798.00,565.45,55.01,167.33,1,-1,-1,-1
702,182,945.30,593.06,59.54,181.03,1,-1,-1,-1
702,188,544.94,484.38,37.67,115.39,1,-1,-1,-1
703,182,954.69,598.63,56.96,173.14,1,-1,-1,-1
703,188,545.92,478.91,39.63,121.38,1,-1,-1,-1
704,182,970.75,600.20,57.29,174.14,1,-1,-1,-1
708,182,1051.59,621.74,55.79,169.56,1,-1,-1,-1
708,188,564.43,506.55,34.55,105.83,1,-1,-1,-1
709,182,1069.14,624.68,55.87,169.78,1,-1,-1,-1
709,188,567.05,507.71,34.72,106.33,1,-1,-1,-1
710,188,569.15,512.41,38.30,117.25,1,-1,-1,-1
711,188,569.93,518.70,38.90,119.06,1,-1,-1,-1
712,182,1117.19,631.75,59.18,179.78,1,-1,-1,-1
712,188,572.25,520.97,39.52,120.96,1,-1,-1,-1
713,182,1130.55,632.51,59.56,180.89,1,-1,-1,-1
713,188,576.50,521.50,39.17,119.86,1,-1,-1,-1
714,182,1147.29,635.09,59.92,182.01,1,-1,-1,-1
714,188,577.69,527.25,39.16,119.77,1,-1,-1,-1
715,188,578.06,529.25,39.15,119.72,1,-1,-1,-1
716,188,578.12,535.20,39.13,119.65,1,-1,-1,-1
717,182,1208.18,626.99,63.53,192.90,1,-1,-1,-1
717,188,578.05,537.35,39.12,119.58,1,-1,-1,-1
717,190,1438.14,527.91,22.37,69.01,1,-1,-1,-1
718,182,1225.89,628.12,64.12,194.70,1,-1,-1,-1
718,188,583.23,538.06,39.10,119.51,1,-1,-1,-1
718,190,1443.11,525.73,21.98,67.81,1,-1,-1,-1
719,188,585.12,538.22,39.09,119.45,1,-1,-1,-1
719,190,1446.53,525.69,21.51,66.36,1,-1,-1,-1
720,188,585.76,543.46,39.08,119.39,1,-1,-1,-1
721,182,1298.00,637.04,64.14,194.69,1,-1,-1,-1
721,188,585.30,542.83,40.93,125.03,1,-1,-1,-1
722,182,1314.43,640.26,74.34,225.54,1,-1,-1,-1
722,188,585.69,545.02,39.79,121.54,1,-1,-1,-1
722,190,1472.58,527.81,23.45,72.33,1,-1,-1,-1
722,193,1296.88,452.53,43.80,133.35,1,-1,-1,-1
723,182,1333.49,642.03,75.72,229.73,1,-1,-1,-1
723,188,591.06,545.76,39.32,120.09,1,-1,-1,-1
723,190,1478.61,528.14,23.53,72.59,1,-1,-1,-1
723,193,1302.77,454.84,42.68,129.94,1,-1,-1,-1
723,194,791.24,513.00,19.00,59.00,1,-1,-1,-1
724,188,592.98,547.83,39.47,120.55,1,-1,-1,-1
724,193,1304.70,461.97,42.18,128.43,1,-1,-1,-1
724,194,793.81,513.00,19.00,59.00,1,-1,-1,-1
725,188,593.43,552.32,39.11,119.44,1,-1,-1,-1
725,193,1307.49,464.88,42.24,128.61,1,-1,-1,-1
726,188,593.72,553.53,39.05,119.24,1,-1,-1,-1
726,193,1319.59,464.62,41.97,127.80,1,-1,-1,-1
727,188,593.79,559.23,39.03,119.16,1,-1,-1,-1
727,193,1324.27,462.35,44.08,134.21,1,-1,-1,-1
728,188,599.05,561.28,39.02,119.12,1,-1,-1,-1
728,193,1328.89,463.84,44.44,135.32,1,-1,-1,-1
728,194,808.84,524.61,19.00,59.00,1,-1,-1,-1
729,188,600.98,561.95,39.01,119.10,1,-1,-1,-1
729,194,809.90,525.39,19.00,59.00,1,-1,-1,-1
730,188,601.63,567.40,39.01,119.09,1,-1,-1,-1
730,193,1338.52,471.75,42.37,129.04,1,-1,-1,-1
730,194,815.67,528.36,19.00,59.00,1,-1,-1,-1
731,188,601.81,564.08,39.01,119.08,1,-1,-1,-1
731,193,1343.18,473.85,42.40,129.10,1,-1,-1,-1
731,194,820.36,526.69,19.00,59.00,1,-1,-1,-1
732,188,601.95,560.95,40.88,124.76,1,-1,-1,-1
732,194,821.96,526.00,19.00,59.00,1,-1,-1,-1
733,188,601.97,559.75,41.57,126.87,1,-1,-1,-1
733,194,825.08,525.69,19.00,59.00,1,-1,-1,-1
734,188,606.99,560.97,39.99,122.05,1,-1,-1,-1
734,193,1360.71,470.71,44.69,136.09,1,-1,-1,-1
734,194,828.78,525.53,19.00,59.00,1,-1,-1,-1
735,188,608.88,561.38,39.36,120.12,1,-1,-1,-1
735,193,1365.75,471.82,44.95,136.87,1,-1,-1,-1
735,194,830.04,525.44,19.00,59.00,1,-1,-1,-1
736,188,608.56,555.76,43.02,131.25,1,-1,-1,-1
736,194,833.04,522.71,19.00,59.00,1,-1,-1,-1
737,188,609.36,559.23,40.61,123.89,1,-1,-1,-1
737,194,836.11,522.98,19.00,59.00,1,-1,-1,-1
738,188,610.11,558.84,41.47,126.51,1,-1,-1,-1
738,194,837.70,520.87,21.26,65.98,1,-1,-1,-1
739,188,610.35,558.69,41.78,127.45,1,-1,-1,-1
739,194,840.61,520.88,21.50,66.74,1,-1,-1,-1
740,188,608.93,560.73,43.88,133.84,1,-1,-1,-1
740,194,841.59,524.03,19.65,61.00,1,-1,-1,-1
741,188,608.36,561.49,44.68,136.23,1,-1,-1,-1
741,194,844.31,524.34,19.70,61.15,1,-1,-1,-1
742,188,608.10,561.77,44.97,137.11,1,-1,-1,-1
742,190,1596.22,560.82,27.19,83.80,1,-1,-1,-1
743,188,610.68,562.39,47.19,143.85,1,-1,-1,-1
743,190,1602.40,562.45,27.37,84.37,1,-1,-1,-1
743,194,846.19,527.82,20.31,63.03,1,-1,-1,-1
744,188,608.97,562.08,45.94,140.02,1,-1,-1,-1
744,190,1607.76,566.11,27.30,84.09,1,-1,-1,-1
744,194,846.54,528.34,20.41,63.32,1,-1,-1,-1
745,188,608.23,567.96,45.41,138.39,1,-1,-1,-1
745,190,1613.87,567.92,27.46,84.59,1,-1,-1,-1
745,194,846.64,528.52,20.44,63.41,1,-1,-1,-1
746,188,604.19,564.66,47.34,144.24,1,-1,-1,-1
746,194,846.60,528.56,20.45,63.44,1,-1,-1,-1
747,188,606.35,568.81,45.95,140.00,1,-1,-1,-1
747,194,846.52,528.56,20.46,63.44,1,-1,-1,-1
748,188,607.21,570.42,45.38,138.23,1,-1,-1,-1
748,194,846.42,528.54,20.46,63.43,1,-1,-1,-1
749,188,603.75,565.47,47.30,144.08,1,-1,-1,-1
749,194,849.14,528.52,20.45,63.42,1,-1,-1,-1
750,188,602.47,570.00,48.02,146.24,1,-1,-1,-1
750,194,850.12,528.50,20.45,63.40,1,-1,-1,-1
