3,1,571.14,318.47,275.08,754.29,1,-1,-1,-1
3,2,958.95,355.14,101.93,248.54,1,-1,-1,-1
3,3,89.57,364.97,91.75,272.46,1,-1,-1,-1
3,4,1632.93,324.10,277.35,754.90,1,-1,-1,-1
3,5,1562.55,361.21,97.44,254.72,1,-1,-1,-1
3,6,172.71,308.19,308.93,754.09,1,-1,-1,-1
3,7,5.06,375.97,53.05,161.15,1,-1,-1,-1
3,9,870.19,364.18,65.80,212.35,1,-1,-1,-1
3,10,41.75,397.62,85.08,239.83,1,-1,-1,-1
3,11,1008.84,361.26,76.50,221.92,1,-1,-1,-1
4,1,573.01,296.28,282.59,777.33,1,-1,-1,-1
4,2,959.93,353.47,105.14,254.90,1,-1,-1,-1
4,3,84.88,360.32,93.27,276.59,1,-1,-1,-1
4,4,1624.41,318.97,279.72,760.03,1,-1,-1,-1
4,5,1564.91,360.93,96.90,253.31,1,-1,-1,-1
4,6,163.37,312.17,308.92,752.64,1,-1,-1,-1
4,7,6.45,374.40,52.19,158.48,1,-1,-1,-1
4,9,872.75,361.56,66.40,214.60,1,-1,-1,-1
4,10,39.65,392.78,87.30,245.93,1,-1,-1,-1
4,11,1021.07,359.64,73.01,211.91,1,-1,-1,-1
5,1,585.40,301.33,279.39,769.36,1,-1,-1,-1
5,2,961.99,354.28,103.71,250.40,1,-1,-1,-1
5,3,79.51,361.78,89.84,262.55,1,-1,-1,-1
5,4,1619.11,328.30,278.47,750.70,1,-1,-1,-1
5,5,1565.13,360.87,96.13,251.40,1,-1,-1,-1
5,6,143.07,313.91,313.79,760.84,1,-1,-1,-1
5,7,8.20,375.38,51.59,156.72,1,-1,-1,-1
5,9,870.50,360.76,66.24,214.54,1,-1,-1,-1
5,10,41.09,385.93,88.98,250.20,1,-1,-1,-1
5,11,1027.13,355.64,73.62,214.71,1,-1,-1,-1
5,14,1297.43,344.82,86.15,231.14,1,-1,-1,-1
6,1,587.59,289.48,285.02,787.06,1,-1,-1,-1
6,2,963.68,352.28,105.12,253.26,1,-1,-1,-1
6,3,78.38,362.42,93.40,272.32,1,-1,-1,-1
6,4,1619.15,348.05,274.07,730.95,1,-1,-1,-1
6,5,1566.78,362.31,94.69,246.49,1,-1,-1,-1
6,6,137.23,324.31,310.71,752.39,1,-1,-1,-1
6,7,9.62,375.02,51.16,155.41,1,-1,-1,-1
6,9,869.91,363.41,65.74,213.73,1,-1,-1,-1
6,10,40.25,413.48,80.10,225.31,1,-1,-1,-1
6,11,1029.77,357.22,73.22,214.76,1,-1,-1,-1
6,14,1291.92,329.06,93.12,251.56,1,-1,-1,-1
7,1,593.95,284.87,285.04,788.78,1,-1,-1,-1
7,2,975.76,348.75,106.88,256.39,1,-1,-1,-1
7,3,81.64,355.01,99.92,288.75,1,-1,-1,-1
7,4,1613.71,339.80,278.25,739.20,1,-1,-1,-1
7,5,1568.19,362.12,95.23,244.86,1,-1,-1,-1
7,6,130.66,320.69,314.11,758.03,1,-1,-1,-1
7,7,10.46,374.92,50.95,154.97,1,-1,-1,-1
7,9,872.52,365.80,63.46,206.41,1,-1,-1,-1
7,10,38.14,424.92,76.05,214.86,1,-1,-1,-1
7,11,1027.91,357.22,77.08,226.34,1,-1,-1,-1
7,14,1287.99,313.38,99.88,269.82,1,-1,-1,-1
7,16,956.22,365.43,61.34,195.53,1,-1,-1,-1
8,1,600.37,288.31,283.18,786.18,1,-1,-1,-1
8,2,983.47,346.79,106.61,256.16,1,-1,-1,-1
8,3,74.90,349.68,123.60,352.98,1,-1,-1,-1
8,4,1600.68,359.55,276.72,719.45,1,-1,-1,-1
8,5,1569.84,362.15,94.49,242.96,1,-1,-1,-1
8,6,117.72,305.42,321.45,770.50,1,-1,-1,-1
8,7,9.85,373.51,50.58,154.15,1,-1,-1,-1
8,9,871.73,363.88,65.42,213.54,1,-1,-1,-1
8,10,37.10,432.66,74.13,210.30,1,-1,-1,-1
8,11,1028.89,355.78,78.74,231.21,1,-1,-1,-1
8,16,954.92,363.64,60.38,192.66,1,-1,-1,-1
9,1,609.20,293.28,277.89,772.64,1,-1,-1,-1
9,2,986.81,345.40,109.10,262.21,1,-1,-1,-1
9,3,77.87,351.40,112.72,318.49,1,-1,-1,-1
9,4,1594.67,364.50,280.48,714.50,1,-1,-1,-1
9,6,109.37,299.09,323.27,771.02,1,-1,-1,-1
9,7,11.13,375.07,49.44,150.45,1,-1,-1,-1
9,9,872.62,365.91,63.76,208.61,1,-1,-1,-1
9,10,37.80,441.33,70.10,199.14,1,-1,-1,-1
9,16,957.08,366.83,57.95,183.76,1,-1,-1,-1
10,1,614.06,290.61,274.92,763.90,1,-1,-1,-1
10,2,994.42,345.58,106.24,257.04,1,-1,-1,-1
10,3,76.55,349.43,115.39,326.01,1,-1,-1,-1
10,4,1586.27,363.29,286.55,715.71,1,-1,-1,-1
10,6,95.98,313.61,320.36,754.31,1,-1,-1,-1
10,7,12.61,377.72,48.33,147.07,1,-1,-1,-1
10,9,870.50,362.60,66.01,216.26,1,-1,-1,-1
10,10,37.01,443.22,68.83,195.60,1,-1,-1,-1
10,16,961.98,365.67,58.42,183.33,1,-1,-1,-1
11,1,611.52,281.01,279.33,778.08,1,-1,-1,-1
11,2,999.64,343.66,105.30,257.06,1,-1,-1,-1
11,4,1585.78,385.63,284.75,693.37,1,-1,-1,-1
11,5,1569.44,358.36,104.03,264.48,1,-1,-1,-1
11,6,81.25,321.09,321.95,750.10,1,-1,-1,-1
11,7,13.41,377.32,47.35,143.84,1,-1,-1,-1
11,9,872.40,365.40,64.15,211.05,1,-1,-1,-1
11,10,35.17,447.09,66.78,190.47,1,-1,-1,-1
11,16,962.08,362.41,60.12,186.93,1,-1,-1,-1
11,20,469.63,526.98,24.27,62.75,1,-1,-1,-1
12,1,622.94,290.23,272.54,759.28,1,-1,-1,-1
12,2,1005.19,342.30,104.00,256.39,1,-1,-1,-1
12,4,1579.36,375.23,295.07,703.77,1,-1,-1,-1
12,5,1570.49,357.90,104.63,266.01,1,-1,-1,-1
12,6,75.81,295.50,335.50,780.94,1,-1,-1,-1
12,7,14.78,375.79,48.21,144.78,1,-1,-1,-1
12,9,871.87,365.82,63.26,209.00,1,-1,-1,-1
12,10,34.06,441.89,67.14,191.05,1,-1,-1,-1
12,16,962.93,361.29,61.73,190.39,1,-1,-1,-1
12,20,469.04,526.18,25.18,65.16,1,-1,-1,-1
12,21,580.35,323.47,152.33,469.09,1,-1,-1,-1
12,22,379.41,385.52,72.29,225.26,1,-1,-1,-1
13,1,619.14,289.26,277.70,776.80,1,-1,-1,-1
13,2,1008.40,342.50,105.48,262.14,1,-1,-1,-1
13,4,1566.24,368.63,302.57,710.37,1,-1,-1,-1
13,6,63.63,314.41,330.34,758.68,1,-1,-1,-1
13,7,15.43,377.26,45.49,136.42,1,-1,-1,-1
13,9,871.23,364.63,63.82,210.26,1,-1,-1,-1
13,10,30.92,440.55,66.71,189.41,1,-1,-1,-1
13,16,964.01,360.22,64.07,195.82,1,-1,-1,-1
13,20,468.72,525.94,25.72,66.65,1,-1,-1,-1
13,21,579.72,323.43,153.36,472.46,1,-1,-1,-1
13,22,377.74,387.07,74.58,231.32,1,-1,-1,-1
14,1,630.97,288.97,277.37,781.20,1,-1,-1,-1
14,2,1013.88,343.91,104.38,260.32,1,-1,-1,-1
14,4,1557.82,367.32,308.10,711.68,1,-1,-1,-1
14,6,57.08,317.83,331.63,755.26,1,-1,-1,-1
14,7,16.87,379.19,42.66,127.86,1,-1,-1,-1
14,9,870.65,363.52,64.05,211.40,1,-1,-1,-1
14,10,27.44,441.25,68.00,194.50,1,-1,-1,-1
14,16,965.45,359.85,64.09,195.18,1,-1,-1,-1
14,20,468.66,525.59,26.04,67.48,1,-1,-1,-1
14,21,579.42,331.57,141.83,435.63,1,-1,-1,-1
14,22,380.64,387.46,75.81,233.29,1,-1,-1,-1
15,1,641.28,297.56,274.51,774.15,1,-1,-1,-1
15,2,1019.31,346.48,102.80,255.60,1,-1,-1,-1
15,4,1551.22,369.36,312.81,709.64,1,-1,-1,-1
15,6,37.91,296.36,342.92,780.72,1,-1,-1,-1
15,7,19.42,380.57,40.31,120.75,1,-1,-1,-1
15,9,871.88,363.77,63.90,211.16,1,-1,-1,-1
15,10,25.97,444.26,66.87,191.27,1,-1,-1,-1
15,16,966.72,359.74,63.86,193.61,1,-1,-1,-1
15,21,581.44,332.26,139.26,426.67,1,-1,-1,-1
15,22,382.26,386.07,77.00,234.82,1,-1,-1,-1
16,1,642.45,291.60,275.82,779.32,1,-1,-1,-1
16,2,1020.73,346.13,102.33,254.47,1,-1,-1,-1
16,4,1542.96,370.68,317.90,708.32,1,-1,-1,-1
16,6,34.45,315.31,337.68,763.24,1,-1,-1,-1
16,7,21.25,378.94,38.97,117.02,1,-1,-1,-1
16,9,873.16,361.88,64.23,212.40,1,-1,-1,-1
16,16,967.91,358.39,64.21,193.71,1,-1,-1,-1
16,21,580.10,330.28,141.00,431.11,1,-1,-1,-1
16,22,383.88,389.03,77.25,233.32,1,-1,-1,-1
16,23,1870.32,392.97,47.95,202.12,1,-1,-1,-1
17,1,642.62,298.00,274.49,776.56,1,-1,-1,-1
17,2,1023.65,345.34,103.67,257.39,1,-1,-1,-1
17,4,1535.83,375.72,320.28,703.28,1,-1,-1,-1
17,6,30.74,322.74,337.39,756.35,1,-1,-1,-1
17,7,22.51,379.15,37.74,113.33,1,-1,-1,-1
17,9,873.65,359.86,64.33,214.18,1,-1,-1,-1
17,16,968.40,357.91,64.15,192.43,1,-1,-1,-1
17,21,582.47,335.12,140.13,426.56,1,-1,-1,-1
17,22,383.43,387.97,79.21,236.98,1,-1,-1,-1
17,23,1869.82,395.59,50.03,211.28,1,-1,-1,-1
18,1,647.07,287.23,278.70,790.66,1,-1,-1,-1
18,2,1028.57,345.05,103.48,256.50,1,-1,-1,-1
18,4,1526.84,379.51,322.23,699.49,1,-1,-1,-1
18,6,0.35,298.17,342.73,781.09,1,-1,-1,-1
18,9,872.02,358.45,67.31,225.40,1,-1,-1,-1
18,16,969.56,357.76,65.39,195.31,1,-1,-1,-1
18,21,584.49,337.53,136.12,413.35,1,-1,-1,-1
18,22,384.58,389.59,79.88,236.96,1,-1,-1,-1
18,23,1866.51,377.85,54.12,229.24,1,-1,-1,-1
19,1,652.56,275.34,281.54,799.16,1,-1,-1,-1
19,2,1031.41,344.28,102.40,253.51,1,-1,-1,-1
19,4,1519.21,385.47,323.25,693.53,1,-1,-1,-1
19,6,-13.11,297.59,338.47,781.72,1,-1,-1,-1
19,9,871.96,357.81,67.79,226.99,1,-1,-1,-1
19,16,969.77,357.72,66.20,197.05,1,-1,-1,-1
19,21,586.13,338.32,135.62,410.14,1,-1,-1,-1
19,22,385.03,389.48,79.94,234.93,1,-1,-1,-1
19,23,1863.55,362.12,59.81,255.80,1,-1,-1,-1
20,1,663.39,276.78,281.87,799.00,1,-1,-1,-1
20,2,1037.75,341.34,101.74,253.05,1,-1,-1,-1
20,4,1501.16,384.25,326.49,694.75,1,-1,-1,-1
20,6,4.92,346.86,321.64,732.44,1,-1,-1,-1
20,16,972.40,357.73,66.60,195.74,1,-1,-1,-1
20,21,586.33,337.18,138.91,420.13,1,-1,-1,-1
20,22,384.87,389.40,81.14,236.88,1,-1,-1,-1
20,23,1860.77,356.96,60.77,260.47,1,-1,-1,-1
20,24,296.35,389.72,79.19,239.33,1,-1,-1,-1
21,1,672.12,276.13,281.63,800.11,1,-1,-1,-1
21,2,1041.09,341.58,100.55,250.90,1,-1,-1,-1
21,4,1490.14,369.74,334.73,709.26,1,-1,-1,-1
21,6,-19.27,323.94,326.03,755.32,1,-1,-1,-1
21,16,974.16,358.42,66.44,193.24,1,-1,-1,-1
21,21,587.15,334.72,141.26,427.21,1,-1,-1,-1
21,22,384.91,390.68,81.31,235.61,1,-1,-1,-1
21,23,1858.69,354.00,61.74,264.93,1,-1,-1,-1
21,24,297.09,391.15,78.29,235.26,1,-1,-1,-1
22,1,678.67,273.99,281.87,803.70,1,-1,-1,-1
22,2,1044.26,341.03,98.56,246.12,1,-1,-1,-1
22,4,1477.57,385.30,328.16,693.70,1,-1,-1,-1
22,6,-6.74,331.59,323.82,747.65,1,-1,-1,-1
22,16,974.38,358.03,67.14,193.64,1,-1,-1,-1
22,21,588.96,335.76,139.77,421.31,1,-1,-1,-1
22,22,385.08,390.46,82.28,236.47,1,-1,-1,-1
22,23,1857.21,353.14,62.86,270.16,1,-1,-1,-1
22,24,298.70,390.71,78.89,235.18,1,-1,-1,-1
23,1,685.91,283.13,279.26,795.74,1,-1,-1,-1
23,2,1047.78,338.17,100.14,250.37,1,-1,-1,-1
23,4,1461.73,381.24,331.05,697.76,1,-1,-1,-1
23,6,-6.26,338.46,317.31,738.76,1,-1,-1,-1
23,16,973.56,357.90,68.44,197.11,1,-1,-1,-1
23,21,591.86,335.45,140.72,423.16,1,-1,-1,-1
23,22,385.48,389.02,83.89,238.79,1,-1,-1,-1
23,23,1857.27,349.79,62.07,266.63,1,-1,-1,-1
23,24,298.60,385.40,81.70,241.95,1,-1,-1,-1
24,1,692.55,288.02,278.58,791.26,1,-1,-1,-1
24,2,1053.52,339.78,99.53,248.65,1,-1,-1,-1
24,4,1440.79,369.74,338.29,709.26,1,-1,-1,-1
24,6,-15.21,310.31,326.47,768.13,1,-1,-1,-1
24,16,974.51,357.86,68.29,196.44,1,-1,-1,-1
24,21,593.33,333.32,144.22,429.90,1,-1,-1,-1
24,22,387.03,395.75,82.28,231.72,1,-1,-1,-1
24,23,1856.50,352.04,62.11,266.12,1,-1,-1,-1
24,24,297.97,384.97,83.04,244.37,1,-1,-1,-1
24,26,1662.82,330.20,96.98,264.32,1,-1,-1,-1
25,1,703.05,294.52,276.43,784.87,1,-1,-1,-1
25,2,1058.69,341.09,98.94,246.03,1,-1,-1,-1
25,4,1431.83,364.72,339.19,714.28,1,-1,-1,-1
25,6,-9.63,303.19,325.46,774.39,1,-1,-1,-1
25,14,1291.13,336.90,92.32,259.86,1,-1,-1,-1
25,16,976.32,357.86,68.56,196.18,1,-1,-1,-1
25,21,594.55,326.56,149.40,445.68,1,-1,-1,-1
25,22,386.52,386.88,86.42,242.43,1,-1,-1,-1
25,23,1856.85,353.10,61.53,263.02,1,-1,-1,-1
25,24,296.60,383.46,84.32,246.69,1,-1,-1,-1
25,26,1661.06,331.48,96.59,261.37,1,-1,-1,-1
26,1,711.66,306.93,272.46,772.48,1,-1,-1,-1
26,2,1062.75,342.93,98.80,243.74,1,-1,-1,-1
26,4,1417.87,339.10,350.19,739.90,1,-1,-1,-1
26,6,-5.85,329.39,309.29,740.63,1,-1,-1,-1
26,14,1290.31,335.19,91.67,264.53,1,-1,-1,-1
26,16,977.05,358.53,68.46,195.41,1,-1,-1,-1
26,21,597.83,332.51,148.23,438.55,1,-1,-1,-1
26,22,387.60,387.58,85.38,239.13,1,-1,-1,-1
26,23,1855.96,355.68,58.16,245.06,1,-1,-1,-1
26,24,296.88,382.26,85.19,247.55,1,-1,-1,-1
26,26,1659.87,331.72,96.53,261.18,1,-1,-1,-1
27,1,713.01,300.25,276.20,779.13,1,-1,-1,-1
27,2,1069.05,341.63,101.49,250.91,1,-1,-1,-1
27,4,1407.03,345.75,345.19,733.25,1,-1,-1,-1
27,6,-5.72,320.15,306.34,738.89,1,-1,-1,-1
27,14,1290.19,336.34,91.58,270.33,1,-1,-1,-1
27,16,978.07,356.80,69.50,197.77,1,-1,-1,-1
27,21,599.46,330.22,148.22,437.03,1,-1,-1,-1
27,22,388.39,385.21,86.09,239.79,1,-1,-1,-1
27,23,1857.68,356.92,54.82,224.91,1,-1,-1,-1
27,24,297.26,381.84,85.58,247.20,1,-1,-1,-1
27,26,1669.19,326.84,99.62,269.58,1,-1,-1,-1
28,1,720.35,304.33,276.73,775.01,1,-1,-1,-1
28,2,1075.24,343.77,98.48,241.77,1,-1,-1,-1
28,4,1397.55,334.00,349.40,745.00,1,-1,-1,-1
28,6,-1.27,316.75,302.10,736.99,1,-1,-1,-1
28,14,1293.88,338.87,90.42,270.17,1,-1,-1,-1
28,16,978.12,355.51,71.12,203.26,1,-1,-1,-1
28,21,602.24,330.02,147.71,433.14,1,-1,-1,-1
28,22,390.40,384.32,86.83,240.69,1,-1,-1,-1
28,23,1857.23,355.48,58.61,239.43,1,-1,-1,-1
28,24,297.09,385.08,84.26,243.04,1,-1,-1,-1
28,26,1676.31,328.81,95.45,257.65,1,-1,-1,-1
28,27,1878.44,521.48,33.03,91.57,1,-1,-1,-1
29,1,724.97,293.24,281.35,786.06,1,-1,-1,-1
29,2,1081.78,344.62,97.87,241.57,1,-1,-1,-1
29,4,1388.49,340.78,344.24,738.22,1,-1,-1,-1
29,6,-5.41,313.49,299.22,740.99,1,-1,-1,-1
29,11,1054.74,364.59,61.96,180.62,1,-1,-1,-1
29,14,1296.15,340.50,90.98,272.74,1,-1,-1,-1
29,16,980.26,354.37,70.68,203.37,1,-1,-1,-1
29,21,602.51,329.95,150.27,438.95,1,-1,-1,-1
29,22,392.33,384.66,87.32,241.02,1,-1,-1,-1
29,23,1856.69,353.02,60.02,243.73,1,-1,-1,-1
29,24,298.90,389.69,81.99,236.76,1,-1,-1,-1
29,26,1684.00,330.94,92.55,248.51,1,-1,-1,-1
29,27,1874.35,513.51,37.99,105.68,1,-1,-1,-1
30,1,733.58,292.36,284.05,786.91,1,-1,-1,-1
30,2,1092.33,343.60,94.34,235.55,1,-1,-1,-1
30,4,1376.93,343.51,340.14,735.49,1,-1,-1,-1
30,6,-11.04,335.43,278.16,702.87,1,-1,-1,-1
30,11,1056.63,360.79,63.96,188.15,1,-1,-1,-1
30,14,1296.76,341.22,91.67,274.83,1,-1,-1,-1
30,16,982.74,352.64,71.05,206.66,1,-1,-1,-1
30,21,604.87,332.56,150.55,435.86,1,-1,-1,-1
30,22,393.60,387.44,86.99,239.15,1,-1,-1,-1
30,23,1852.31,355.46,61.04,243.34,1,-1,-1,-1
30,24,300.41,390.72,82.80,239.21,1,-1,-1,-1
30,26,1681.60,332.40,98.72,266.27,1,-1,-1,-1
30,27,1872.48,510.60,39.91,111.04,1,-1,-1,-1
31,1,744.21,286.75,289.66,792.49,1,-1,-1,-1
31,2,1099.59,346.56,90.68,227.30,1,-1,-1,-1
31,4,1372.93,351.22,334.63,727.78,1,-1,-1,-1
31,6,-11.79,347.93,267.79,691.73,1,-1,-1,-1
31,11,1060.07,363.00,63.91,184.22,1,-1,-1,-1
31,16,983.98,352.01,71.39,207.66,1,-1,-1,-1
31,21,606.94,334.89,151.45,435.32,1,-1,-1,-1
31,22,394.79,388.50,87.35,239.09,1,-1,-1,-1
31,23,1849.94,352.55,63.51,249.70,1,-1,-1,-1
31,24,300.96,389.08,83.74,241.47,1,-1,-1,-1
31,26,1684.68,332.23,100.27,271.74,1,-1,-1,-1
31,29,1610.76,348.23,138.00,293.50,1,-1,-1,-1
32,1,746.37,283.33,297.63,793.25,1,-1,-1,-1
32,2,1103.94,346.30,91.59,231.07,1,-1,-1,-1
32,4,1366.82,353.53,331.96,725.47,1,-1,-1,-1
32,6,-15.53,338.26,261.29,692.60,1,-1,-1,-1
32,11,1060.56,362.40,67.35,192.07,1,-1,-1,-1
32,14,1307.16,371.65,85.12,254.65,1,-1,-1,-1
32,21,608.65,336.42,149.13,423.21,1,-1,-1,-1
32,22,397.00,390.88,87.15,237.08,1,-1,-1,-1
32,23,1849.51,352.16,64.87,252.69,1,-1,-1,-1
32,24,302.98,389.11,84.39,243.01,1,-1,-1,-1
32,26,1691.91,332.16,97.17,263.19,1,-1,-1,-1
32,29,1606.97,345.67,143.63,309.28,1,-1,-1,-1
33,1,754.97,278.77,301.00,799.42,1,-1,-1,-1
33,2,1108.85,342.88,93.60,239.12,1,-1,-1,-1
33,4,1357.82,350.44,332.52,728.56,1,-1,-1,-1
33,6,-23.20,349.96,257.23,698.46,1,-1,-1,-1
33,11,1061.07,362.17,69.82,197.60,1,-1,-1,-1
33,14,1308.14,356.65,91.70,275.44,1,-1,-1,-1
33,21,608.73,340.99,148.54,417.95,1,-1,-1,-1
33,22,399.44,391.10,87.08,236.32,1,-1,-1,-1
33,23,1846.79,356.67,67.94,262.26,1,-1,-1,-1
33,24,302.82,387.13,85.75,245.59,1,-1,-1,-1
33,26,1693.47,331.44,100.11,271.26,1,-1,-1,-1
33,29,1617.75,352.61,129.63,282.07,1,-1,-1,-1
34,1,756.79,263.28,306.58,814.87,1,-1,-1,-1
34,2,1112.20,342.25,92.98,240.86,1,-1,-1,-1
34,3,86.36,365.35,98.26,261.50,1,-1,-1,-1
34,4,1351.76,351.94,330.19,727.06,1,-1,-1,-1
34,6,-21.39,370.18,232.86,648.37,1,-1,-1,-1
34,11,1061.94,359.38,70.58,198.29,1,-1,-1,-1
34,14,1313.41,372.01,83.22,244.86,1,-1,-1,-1
34,21,607.93,337.98,151.85,421.40,1,-1,-1,-1
34,22,401.18,391.83,87.29,236.70,1,-1,-1,-1
34,23,1845.34,351.31,69.33,265.82,1,-1,-1,-1
34,24,303.64,387.03,86.42,246.57,1,-1,-1,-1
34,26,1695.13,331.17,99.53,268.90,1,-1,-1,-1
34,29,1628.08,350.58,124.80,275.33,1,-1,-1,-1
35,1,773.50,273.83,302.31,803.63,1,-1,-1,-1
35,2,1117.20,341.36,90.80,236.27,1,-1,-1,-1
35,3,89.69,365.17,101.84,270.82,1,-1,-1,-1
35,4,1344.74,353.18,327.60,725.82,1,-1,-1,-1
35,6,-19.78,387.34,212.28,605.44,1,-1,-1,-1
35,11,1062.45,360.35,71.00,197.81,1,-1,-1,-1
35,14,1315.59,348.67,87.67,257.51,1,-1,-1,-1
35,21,607.37,343.47,150.85,415.44,1,-1,-1,-1
35,22,401.52,390.77,88.54,240.16,1,-1,-1,-1
35,23,1842.27,345.36,71.04,269.68,1,-1,-1,-1
35,24,303.83,385.02,88.18,248.91,1,-1,-1,-1
35,26,1691.08,333.73,107.70,286.54,1,-1,-1,-1
35,29,1625.78,349.85,125.87,280.46,1,-1,-1,-1
36,1,785.60,270.10,301.90,804.45,1,-1,-1,-1
36,2,1119.56,341.03,89.25,233.87,1,-1,-1,-1
36,3,90.76,364.53,101.36,269.78,1,-1,-1,-1
36,4,1333.59,353.01,327.14,725.99,1,-1,-1,-1
36,6,-26.30,387.69,211.48,621.03,1,-1,-1,-1
36,11,1064.31,360.73,70.35,195.56,1,-1,-1,-1
36,14,1316.94,358.80,86.58,249.12,1,-1,-1,-1
36,21,606.36,340.18,151.94,416.58,1,-1,-1,-1
36,22,402.11,389.70,87.98,238.83,1,-1,-1,-1
36,23,1840.93,347.03,71.41,267.80,1,-1,-1,-1
36,24,303.33,384.92,89.26,249.79,1,-1,-1,-1
36,26,1690.03,335.31,110.40,289.79,1,-1,-1,-1
36,29,1633.99,353.02,120.63,271.93,1,-1,-1,-1
37,1,796.17,268.76,299.01,800.08,1,-1,-1,-1
37,2,1121.97,338.92,91.23,240.32,1,-1,-1,-1
37,3,90.18,366.39,99.47,265.26,1,-1,-1,-1
37,4,1318.99,341.05,330.62,737.95,1,-1,-1,-1
37,6,-26.28,383.04,202.19,609.12,1,-1,-1,-1
37,11,1064.10,362.22,71.79,200.06,1,-1,-1,-1
37,14,1319.24,360.06,86.11,247.78,1,-1,-1,-1
37,21,607.31,341.58,153.58,420.37,1,-1,-1,-1
37,22,403.01,388.62,88.94,240.96,1,-1,-1,-1
37,23,1837.20,358.90,70.86,259.07,1,-1,-1,-1
37,24,307.46,384.23,88.87,246.15,1,-1,-1,-1
37,26,1690.48,335.92,112.11,288.98,1,-1,-1,-1
37,29,1633.95,354.82,121.93,276.59,1,-1,-1,-1
37,33,737.63,346.65,171.47,459.93,1,-1,-1,-1
38,1,804.59,267.00,298.98,799.02,1,-1,-1,-1
38,2,1130.07,336.18,87.81,228.29,1,-1,-1,-1
38,3,90.62,366.32,99.54,265.86,1,-1,-1,-1
38,4,1310.11,334.60,330.13,744.40,1,-1,-1,-1
38,6,-28.12,385.07,195.02,605.15,1,-1,-1,-1
38,11,1066.35,360.12,70.87,199.05,1,-1,-1,-1
38,21,606.62,342.75,154.26,421.84,1,-1,-1,-1
38,22,403.80,388.87,89.62,243.07,1,-1,-1,-1
38,23,1834.28,360.21,71.71,256.91,1,-1,-1,-1
38,24,309.50,384.64,89.02,245.41,1,-1,-1,-1
38,26,1699.25,330.89,111.14,289.20,1,-1,-1,-1
38,29,1634.66,356.08,122.20,278.99,1,-1,-1,-1
38,33,742.38,348.54,170.06,458.05,1,-1,-1,-1
39,1,816.96,274.33,299.09,799.91,1,-1,-1,-1
39,2,1131.38,331.78,91.63,238.43,1,-1,-1,-1
39,3,90.91,365.57,102.05,271.01,1,-1,-1,-1
39,4,1302.12,328.92,330.04,750.08,1,-1,-1,-1
39,6,-33.20,389.03,192.06,595.99,1,-1,-1,-1
39,11,1070.45,361.31,69.24,195.29,1,-1,-1,-1
39,21,604.88,336.55,156.04,427.05,1,-1,-1,-1
39,22,403.21,387.65,90.91,245.83,1,-1,-1,-1
39,23,1834.78,354.75,73.57,261.35,1,-1,-1,-1
39,24,310.79,384.81,88.61,243.80,1,-1,-1,-1
39,26,1705.01,326.33,113.61,295.76,1,-1,-1,-1
39,29,1637.07,356.49,121.94,278.61,1,-1,-1,-1
39,33,743.87,352.31,158.56,427.13,1,-1,-1,-1
40,1,829.07,275.17,298.78,802.20,1,-1,-1,-1
40,2,1132.28,330.21,95.29,250.56,1,-1,-1,-1
40,3,91.45,368.00,102.74,270.88,1,-1,-1,-1
40,4,1300.48,332.09,326.61,746.91,1,-1,-1,-1
40,11,1073.03,361.10,69.09,194.51,1,-1,-1,-1
40,21,606.74,334.86,154.92,423.76,1,-1,-1,-1
40,22,406.73,389.15,91.03,245.54,1,-1,-1,-1
40,23,1830.67,373.70,70.49,241.99,1,-1,-1,-1
40,24,312.98,385.54,88.27,243.20,1,-1,-1,-1
40,26,1711.14,326.57,112.35,293.61,1,-1,-1,-1
40,29,1641.40,357.25,120.89,277.18,1,-1,-1,-1
40,33,752.59,343.37,175.27,477.04,1,-1,-1,-1
41,1,830.94,264.30,301.42,810.96,1,-1,-1,-1
41,2,1134.65,329.00,96.26,253.25,1,-1,-1,-1
41,3,87.33,366.86,103.45,268.15,1,-1,-1,-1
41,4,1288.32,336.69,322.77,742.31,1,-1,-1,-1
41,11,1074.77,361.07,69.13,194.62,1,-1,-1,-1
41,21,606.35,331.57,157.30,430.45,1,-1,-1,-1
41,22,408.24,388.41,91.30,246.06,1,-1,-1,-1
41,23,1829.06,357.39,76.22,258.75,1,-1,-1,-1
41,24,313.49,385.16,88.66,243.65,1,-1,-1,-1
41,26,1715.75,329.97,109.72,288.71,1,-1,-1,-1
41,29,1645.93,359.49,117.90,271.99,1,-1,-1,-1
41,33,770.66,340.53,182.16,500.23,1,-1,-1,-1
42,1,839.78,260.23,301.94,812.91,1,-1,-1,-1
42,2,1139.60,325.32,94.74,250.33,1,-1,-1,-1
42,3,85.48,366.40,104.33,266.47,1,-1,-1,-1
42,4,1282.03,358.32,312.17,720.68,1,-1,-1,-1
42,21,607.58,332.32,156.04,427.70,1,-1,-1,-1
42,22,411.17,390.77,89.88,241.63,1,-1,-1,-1
42,23,1825.11,353.02,79.13,265.87,1,-1,-1,-1
42,24,311.84,384.36,89.74,245.81,1,-1,-1,-1
42,26,1716.36,327.98,110.72,294.69,1,-1,-1,-1
42,29,1648.45,353.54,120.33,279.54,1,-1,-1,-1
42,33,770.04,345.49,165.15,455.70,1,-1,-1,-1
42,36,240.30,374.78,38.42,99.85,1,-1,-1,-1
43,1,851.56,259.41,304.40,817.53,1,-1,-1,-1
43,2,1147.56,326.59,92.23,244.53,1,-1,-1,-1
43,3,84.98,365.55,105.63,266.56,1,-1,-1,-1
43,4,1272.86,353.21,313.27,725.79,1,-1,-1,-1
43,21,607.19,329.98,155.22,422.00,1,-1,-1,-1
43,22,412.73,389.01,89.65,240.58,1,-1,-1,-1
43,23,1816.63,370.22,76.03,248.42,1,-1,-1,-1
43,24,312.04,386.04,90.40,246.62,1,-1,-1,-1
43,26,1717.78,327.89,109.17,292.30,1,-1,-1,-1
43,29,1655.59,351.34,120.58,281.00,1,-1,-1,-1
43,33,769.79,342.79,153.40,425.64,1,-1,-1,-1
43,36,241.76,375.80,38.64,100.41,1,-1,-1,-1
44,1,851.74,267.72,309.29,810.66,1,-1,-1,-1
44,2,1152.42,328.46,92.54,244.94,1,-1,-1,-1
44,3,84.22,366.56,106.63,265.95,1,-1,-1,-1
44,4,1268.56,360.55,310.14,718.45,1,-1,-1,-1
44,21,605.37,328.46,155.56,419.84,1,-1,-1,-1
44,22,413.25,386.36,90.90,243.49,1,-1,-1,-1
44,23,1814.57,374.41,76.45,242.71,1,-1,-1,-1
44,24,314.76,389.32,89.91,244.29,1,-1,-1,-1
44,26,1720.28,329.85,108.34,289.97,1,-1,-1,-1
44,29,1660.57,354.46,117.95,276.94,1,-1,-1,-1
44,33,767.82,345.37,148.34,412.83,1,-1,-1,-1
44,36,242.63,376.10,37.85,98.43,1,-1,-1,-1
45,1,877.71,239.21,320.77,839.70,1,-1,-1,-1
45,2,1157.00,331.17,88.82,233.21,1,-1,-1,-1
45,3,84.59,366.26,107.04,267.09,1,-1,-1,-1
45,4,1259.86,366.63,307.95,712.37,1,-1,-1,-1
45,21,606.13,331.23,154.74,415.08,1,-1,-1,-1
45,22,414.69,390.63,91.41,243.27,1,-1,-1,-1
45,23,1815.26,347.06,80.58,257.42,1,-1,-1,-1
45,24,316.91,391.22,89.39,241.41,1,-1,-1,-1
45,26,1728.11,331.27,104.60,283.08,1,-1,-1,-1
45,29,1668.60,352.31,116.41,278.08,1,-1,-1,-1
45,33,770.22,344.93,148.44,411.20,1,-1,-1,-1
45,36,244.42,376.16,38.14,99.27,1,-1,-1,-1
45,40,13.70,421.71,88.55,237.37,1,-1,-1,-1
46,1,889.98,235.81,323.95,843.30,1,-1,-1,-1
46,2,1161.47,330.71,88.44,232.21,1,-1,-1,-1
46,3,87.23,368.81,106.85,266.88,1,-1,-1,-1
46,4,1250.88,371.51,306.01,707.49,1,-1,-1,-1
46,21,610.07,335.62,153.07,411.32,1,-1,-1,-1
46,22,415.51,394.25,91.59,241.85,1,-1,-1,-1
46,23,1812.04,343.04,81.23,261.43,1,-1,-1,-1
46,24,320.19,392.59,89.48,240.34,1,-1,-1,-1
46,26,1731.27,331.40,104.68,283.29,1,-1,-1,-1
46,29,1685.04,348.18,119.22,282.51,1,-1,-1,-1
46,33,772.83,345.47,149.55,411.43,1,-1,-1,-1
46,36,245.65,374.76,39.05,101.70,1,-1,-1,-1
46,40,17.07,426.62,84.58,228.05,1,-1,-1,-1
47,1,902.06,239.24,325.31,839.93,1,-1,-1,-1
47,3,87.08,366.43,107.09,268.14,1,-1,-1,-1
47,4,1247.84,362.61,309.36,716.39,1,-1,-1,-1
47,21,611.98,334.61,152.89,409.96,1,-1,-1,-1
47,22,416.63,396.93,91.91,240.64,1,-1,-1,-1
47,23,1810.04,346.14,79.21,257.06,1,-1,-1,-1
47,24,322.29,393.74,89.66,239.29,1,-1,-1,-1
47,26,1746.82,332.68,104.54,277.63,1,-1,-1,-1
47,29,1690.64,347.94,120.48,283.52,1,-1,-1,-1
47,33,781.42,345.02,154.07,425.81,1,-1,-1,-1
47,36,247.42,374.25,39.35,102.58,1,-1,-1,-1
47,40,19.82,431.83,79.42,214.98,1,-1,-1,-1
47,42,36.52,368.80,80.18,206.54,1,-1,-1,-1
48,1,906.89,232.79,330.43,846.38,1,-1,-1,-1
48,3,86.66,366.85,107.23,265.32,1,-1,-1,-1
48,4,1231.33,369.80,307.61,709.20,1,-1,-1,-1
48,21,615.82,339.54,152.48,407.52,1,-1,-1,-1
48,22,418.03,395.27,91.95,240.19,1,-1,-1,-1
48,23,1809.74,359.37,76.32,248.68,1,-1,-1,-1
48,24,324.98,391.49,91.78,242.89,1,-1,-1,-1
48,26,1751.43,332.94,104.38,277.20,1,-1,-1,-1
48,29,1698.65,343.91,123.97,289.18,1,-1,-1,-1
48,33,780.83,350.83,152.45,419.88,1,-1,-1,-1
48,36,247.48,373.38,38.53,100.87,1,-1,-1,-1
48,40,22.21,434.33,77.67,210.63,1,-1,-1,-1
48,42,38.92,371.93,76.49,198.18,1,-1,-1,-1
49,1,917.70,257.37,322.81,814.57,1,-1,-1,-1
49,3,87.97,367.00,106.99,265.59,1,-1,-1,-1
49,4,1220.90,372.49,306.04,706.51,1,-1,-1,-1
49,21,620.03,342.05,152.72,407.32,1,-1,-1,-1
49,22,418.28,396.60,91.75,238.70,1,-1,-1,-1
49,23,1809.38,344.37,75.91,250.84,1,-1,-1,-1
49,24,326.43,389.32,93.57,246.89,1,-1,-1,-1
49,26,1748.79,333.04,105.80,281.71,1,-1,-1,-1
49,29,1701.48,341.09,127.28,295.89,1,-1,-1,-1
49,33,782.76,351.74,152.50,418.29,1,-1,-1,-1
49,36,246.98,371.70,39.82,104.99,1,-1,-1,-1
49,40,23.33,435.84,77.11,209.32,1,-1,-1,-1
49,42,34.59,373.10,83.19,217.93,1,-1,-1,-1
50,1,925.66,293.07,322.46,780.76,1,-1,-1,-1
50,3,89.31,368.38,107.84,268.37,1,-1,-1,-1
50,4,1201.51,362.14,309.27,716.86,1,-1,-1,-1
50,21,620.08,336.32,159.73,425.89,1,-1,-1,-1
50,22,418.69,396.41,91.59,238.14,1,-1,-1,-1
50,23,1807.62,342.59,75.93,250.90,1,-1,-1,-1
50,24,327.48,387.82,94.41,249.06,1,-1,-1,-1
50,26,1751.37,330.39,105.58,281.94,1,-1,-1,-1
50,29,1696.63,348.53,122.43,286.02,1,-1,-1,-1
50,33,785.14,352.73,150.29,408.40,1,-1,-1,-1
50,36,247.27,371.10,39.97,105.81,1,-1,-1,-1
50,40,21.43,434.20,77.23,211.11,1,-1,-1,-1
50,42,41.62,372.81,75.17,197.65,1,-1,-1,-1
50,44,1539.34,346.82,71.68,222.64,1,-1,-1,-1
51,1,932.58,304.97,326.93,770.24,1,-1,-1,-1
51,3,90.67,368.89,107.07,268.10,1,-1,-1,-1
51,4,1193.91,356.92,310.50,722.08,1,-1,-1,-1
51,21,620.11,333.54,162.90,434.74,1,-1,-1,-1
51,22,418.30,394.33,93.18,242.58,1,-1,-1,-1
51,24,328.43,387.25,95.48,251.84,1,-1,-1,-1
51,26,1761.71,331.43,104.39,280.03,1,-1,-1,-1
51,29,1696.11,350.15,121.82,286.75,1,-1,-1,-1
51,33,784.51,353.75,150.90,407.43,1,-1,-1,-1
51,36,245.84,370.89,40.36,107.44,1,-1,-1,-1
51,40,21.83,439.07,74.39,204.28,1,-1,-1,-1
51,42,35.98,382.45,83.13,220.97,1,-1,-1,-1
51,44,1534.56,347.23,72.16,223.20,1,-1,-1,-1
52,1,940.83,314.54,334.48,763.20,1,-1,-1,-1
52,3,91.36,369.73,106.42,267.34,1,-1,-1,-1
52,4,1184.53,347.68,311.60,731.32,1,-1,-1,-1
52,21,624.59,337.03,159.61,427.03,1,-1,-1,-1
52,22,419.80,391.57,94.37,246.22,1,-1,-1,-1
52,24,328.10,384.42,95.17,251.57,1,-1,-1,-1
52,26,1767.48,330.50,103.20,279.31,1,-1,-1,-1
52,29,1699.07,354.05,119.03,282.40,1,-1,-1,-1
52,33,783.05,352.77,154.05,413.16,1,-1,-1,-1
52,36,245.89,371.49,39.28,104.73,1,-1,-1,-1
52,40,23.53,441.51,71.61,198.43,1,-1,-1,-1
52,42,44.74,377.85,74.97,200.13,1,-1,-1,-1
52,44,1529.54,348.78,72.23,221.99,1,-1,-1,-1
53,1,961.88,296.49,356.02,782.19,1,-1,-1,-1
53,3,88.89,370.04,106.95,269.05,1,-1,-1,-1
53,4,1179.27,327.77,310.89,742.69,1,-1,-1,-1
53,21,623.69,329.79,166.76,447.11,1,-1,-1,-1
53,22,421.15,389.86,93.82,246.94,1,-1,-1,-1
53,24,328.04,383.34,94.76,252.09,1,-1,-1,-1
53,26,1765.87,328.82,106.00,287.66,1,-1,-1,-1
53,29,1704.56,349.54,119.55,285.38,1,-1,-1,-1
53,33,777.42,350.41,156.65,419.31,1,-1,-1,-1
53,36,246.28,372.40,38.74,103.66,1,-1,-1,-1
53,40,26.29,441.63,69.78,193.71,1,-1,-1,-1
53,42,48.15,375.65,69.87,187.17,1,-1,-1,-1
53,44,1524.75,347.81,72.35,219.50,1,-1,-1,-1
54,1,981.97,288.40,367.01,790.61,1,-1,-1,-1
54,3,91.92,371.46,105.80,267.05,1,-1,-1,-1
54,4,1177.84,332.71,301.00,731.24,1,-1,-1,-1
54,21,625.08,332.94,167.83,449.33,1,-1,-1,-1
54,22,420.73,389.20,93.43,246.53,1,-1,-1,-1
54,24,328.97,386.24,92.61,247.65,1,-1,-1,-1
54,26,1767.81,330.16,105.66,287.50,1,-1,-1,-1
54,29,1711.12,347.85,118.38,283.86,1,-1,-1,-1
54,33,780.44,356.09,153.81,409.80,1,-1,-1,-1
54,36,245.82,372.09,39.72,106.58,1,-1,-1,-1
54,40,25.43,444.36,68.68,192.85,1,-1,-1,-1
54,42,50.99,374.80,63.32,170.63,1,-1,-1,-1
54,44,1520.89,346.71,73.65,220.82,1,-1,-1,-1
55,1,1011.12,279.95,369.36,799.17,1,-1,-1,-1
55,3,92.27,371.98,105.62,267.62,1,-1,-1,-1
55,4,1206.87,334.75,269.38,668.48,1,-1,-1,-1
55,21,624.60,330.28,169.48,453.99,1,-1,-1,-1
55,22,420.47,386.33,93.39,247.67,1,-1,-1,-1
55,24,330.54,388.69,91.21,245.27,1,-1,-1,-1
55,26,1768.21,330.69,107.20,290.70,1,-1,-1,-1
55,29,1714.61,345.22,120.94,291.89,1,-1,-1,-1
55,33,780.04,353.59,155.68,414.18,1,-1,-1,-1
55,36,247.04,371.32,41.21,110.29,1,-1,-1,-1
55,40,25.63,441.88,69.30,195.38,1,-1,-1,-1
55,42,50.10,374.44,64.66,174.58,1,-1,-1,-1
55,44,1516.36,351.83,72.49,213.06,1,-1,-1,-1
56,1,1014.31,282.64,373.00,793.22,1,-1,-1,-1
56,3,92.45,372.16,104.77,265.85,1,-1,-1,-1
56,4,1201.30,332.87,266.97,662.49,1,-1,-1,-1
56,21,624.84,328.63,170.43,456.32,1,-1,-1,-1
56,22,421.89,388.55,92.90,247.42,1,-1,-1,-1
56,24,331.43,388.28,92.01,249.02,1,-1,-1,-1
56,26,1775.33,327.61,104.08,279.41,1,-1,-1,-1
56,29,1723.54,341.64,123.43,296.18,1,-1,-1,-1
56,33,783.66,354.64,157.37,416.49,1,-1,-1,-1
56,36,247.26,371.68,42.25,112.98,1,-1,-1,-1
56,40,23.71,442.28,69.47,197.74,1,-1,-1,-1
56,42,48.24,372.95,64.83,174.56,1,-1,-1,-1
56,44,1511.69,349.51,73.68,213.75,1,-1,-1,-1
57,1,1027.40,274.39,378.38,803.52,1,-1,-1,-1
57,3,89.32,372.87,104.18,265.19,1,-1,-1,-1
57,21,627.50,326.70,170.77,456.45,1,-1,-1,-1
57,22,424.65,387.43,92.81,247.97,1,-1,-1,-1
57,24,332.30,391.42,91.15,247.79,1,-1,-1,-1
57,26,1779.04,327.28,103.95,279.05,1,-1,-1,-1
57,29,1734.76,340.94,124.84,297.80,1,-1,-1,-1
57,33,782.32,352.38,158.03,416.07,1,-1,-1,-1
57,36,247.87,372.48,42.87,114.65,1,-1,-1,-1
57,40,24.14,441.72,69.91,199.37,1,-1,-1,-1
57,42,40.76,388.60,71.65,191.50,1,-1,-1,-1
57,44,1507.04,349.34,74.94,214.75,1,-1,-1,-1
57,48,1347.23,331.64,116.39,301.01,1,-1,-1,-1
58,1,1033.24,251.57,388.07,827.11,1,-1,-1,-1
58,3,91.82,372.46,103.88,264.95,1,-1,-1,-1
58,16,1019.88,355.89,71.27,203.16,1,-1,-1,-1
58,21,627.34,332.55,167.86,445.90,1,-1,-1,-1
58,22,426.83,385.70,93.74,250.79,1,-1,-1,-1
58,24,332.77,391.28,91.10,247.97,1,-1,-1,-1
58,26,1770.10,333.26,110.03,289.14,1,-1,-1,-1
58,29,1732.04,343.32,118.72,289.18,1,-1,-1,-1
58,33,782.05,346.21,161.65,423.20,1,-1,-1,-1
58,36,248.21,374.10,42.19,113.30,1,-1,-1,-1
58,40,23.36,440.15,69.98,201.38,1,-1,-1,-1
58,42,45.19,378.07,67.60,180.15,1,-1,-1,-1
58,44,1497.40,346.56,76.07,217.21,1,-1,-1,-1
58,48,1359.69,334.41,103.28,266.68,1,-1,-1,-1
59,1,1042.45,223.42,398.35,855.55,1,-1,-1,-1
59,3,89.71,372.95,104.56,267.53,1,-1,-1,-1
59,16,1020.53,355.30,72.13,205.16,1,-1,-1,-1
59,21,625.57,337.47,166.71,440.42,1,-1,-1,-1
59,22,427.51,383.75,94.95,254.47,1,-1,-1,-1
59,24,334.83,391.88,91.21,248.03,1,-1,-1,-1
59,26,1768.07,337.21,115.01,295.31,1,-1,-1,-1
59,29,1736.27,342.85,118.81,289.41,1,-1,-1,-1
59,33,782.32,343.25,163.51,425.87,1,-1,-1,-1
59,36,248.66,374.73,41.92,112.73,1,-1,-1,-1
59,40,22.75,439.53,69.99,203.49,1,-1,-1,-1
59,42,50.85,376.94,65.77,176.03,1,-1,-1,-1
59,44,1491.89,348.86,76.01,216.82,1,-1,-1,-1
59,48,1361.81,333.51,102.52,264.66,1,-1,-1,-1
60,1,1051.88,206.25,399.95,872.82,1,-1,-1,-1
60,3,88.96,373.12,104.08,266.52,1,-1,-1,-1
60,16,1022.39,355.14,73.18,205.72,1,-1,-1,-1
60,21,627.74,337.98,168.45,443.63,1,-1,-1,-1
60,22,430.13,385.65,95.19,254.53,1,-1,-1,-1
60,24,334.48,390.11,92.10,250.03,1,-1,-1,-1
60,26,1768.60,339.29,118.78,300.80,1,-1,-1,-1
60,33,781.45,343.45,165.39,428.84,1,-1,-1,-1
60,36,249.11,372.99,41.86,112.48,1,-1,-1,-1
60,40,21.29,437.96,70.48,206.96,1,-1,-1,-1
60,42,51.50,377.52,65.62,175.63,1,-1,-1,-1
60,44,1487.06,343.03,78.60,224.74,1,-1,-1,-1
60,48,1361.12,330.24,103.93,269.80,1,-1,-1,-1
60,50,-2.13,374.23,43.04,163.58,1,-1,-1,-1
61,1,1071.00,232.92,386.73,846.19,1,-1,-1,-1
61,3,90.75,371.18,103.70,262.83,1,-1,-1,-1
61,16,1023.14,356.42,72.65,203.23,1,-1,-1,-1
61,21,626.81,336.18,168.57,443.50,1,-1,-1,-1
61,22,431.79,387.06,95.16,253.85,1,-1,-1,-1
61,24,336.79,390.09,92.75,252.10,1,-1,-1,-1
61,26,1766.33,340.71,121.08,304.81,1,-1,-1,-1
61,33,784.35,346.19,164.81,426.00,1,-1,-1,-1
61,36,249.17,372.32,42.03,112.36,1,-1,-1,-1
61,40,20.93,434.73,70.95,210.26,1,-1,-1,-1
61,44,1480.70,344.82,79.10,225.70,1,-1,-1,-1
61,48,1365.53,329.66,99.86,259.23,1,-1,-1,-1
61,50,1.46,374.79,40.62,154.24,1,-1,-1,-1
62,1,1086.69,260.25,374.24,818.85,1,-1,-1,-1
62,3,91.33,370.43,104.43,262.11,1,-1,-1,-1
62,16,1024.40,355.54,74.42,205.68,1,-1,-1,-1
62,21,627.41,336.14,171.24,448.03,1,-1,-1,-1
62,22,432.77,385.63,95.68,254.87,1,-1,-1,-1
62,24,337.34,389.42,93.57,255.50,1,-1,-1,-1
62,26,1763.76,343.83,121.94,303.67,1,-1,-1,-1
62,33,785.89,349.91,164.29,422.89,1,-1,-1,-1
62,36,249.54,372.07,43.33,114.93,1,-1,-1,-1
62,40,21.83,436.78,69.72,208.23,1,-1,-1,-1
62,42,55.60,377.25,64.92,174.98,1,-1,-1,-1
62,44,1476.65,345.53,78.29,222.75,1,-1,-1,-1
62,50,1.41,374.98,42.20,159.90,1,-1,-1,-1
