3,1,13.51,140.63,83.61,203.95,1,-1,-1,-1
3,2,121.94,148.45,82.25,186.10,1,-1,-1,-1
4,1,20.21,142.70,82.98,202.35,1,-1,-1,-1
4,2,126.63,149.51,82.80,187.77,1,-1,-1,-1
5,1,28.60,148.67,83.57,203.86,1,-1,-1,-1
5,2,134.49,152.82,83.27,188.99,1,-1,-1,-1
5,3,261.41,200.63,23.87,62.95,1,-1,-1,-1
5,4,242.81,194.36,19.87,66.76,1,-1,-1,-1
6,1,33.43,149.26,84.42,205.73,1,-1,-1,-1
6,2,141.50,152.51,83.71,190.05,1,-1,-1,-1
6,3,269.27,201.19,24.16,63.64,1,-1,-1,-1
6,4,249.29,195.08,20.33,67.70,1,-1,-1,-1
7,1,33.57,143.17,85.36,208.42,1,-1,-1,-1
7,2,145.40,147.49,85.43,194.55,1,-1,-1,-1
7,3,276.06,200.57,24.02,63.14,1,-1,-1,-1
7,4,255.62,194.53,20.42,67.27,1,-1,-1,-1
7,5,227.68,202.05,22.78,63.16,1,-1,-1,-1
8,1,38.19,145.01,87.08,212.74,1,-1,-1,-1
8,2,151.46,148.38,85.86,196.11,1,-1,-1,-1
8,3,283.65,201.03,24.26,63.70,1,-1,-1,-1
8,4,262.73,196.44,20.77,67.82,1,-1,-1,-1
8,5,234.73,202.91,23.09,63.62,1,-1,-1,-1
9,1,42.39,144.36,87.78,214.94,1,-1,-1,-1
9,2,153.40,146.04,88.87,204.03,1,-1,-1,-1
9,3,289.30,201.16,24.74,64.60,1,-1,-1,-1
9,4,269.22,197.08,21.46,69.40,1,-1,-1,-1
9,5,239.91,202.41,23.53,64.54,1,-1,-1,-1
10,1,48.01,142.11,88.28,217.01,1,-1,-1,-1
10,2,157.66,142.54,91.84,212.84,1,-1,-1,-1
10,3,297.55,201.19,24.93,64.92,1,-1,-1,-1
10,4,276.89,197.27,21.47,68.60,1,-1,-1,-1
10,5,248.43,202.92,23.24,63.44,1,-1,-1,-1
11,1,49.55,133.96,93.93,233.64,1,-1,-1,-1
11,2,163.90,140.56,92.54,216.12,1,-1,-1,-1
11,3,304.60,201.18,25.21,65.71,1,-1,-1,-1
11,4,284.72,196.62,21.81,68.96,1,-1,-1,-1
11,5,256.17,203.79,22.97,62.34,1,-1,-1,-1
12,1,56.36,132.23,96.30,241.71,1,-1,-1,-1
12,2,177.35,144.41,90.62,212.01,1,-1,-1,-1
12,3,314.29,200.49,26.73,69.35,1,-1,-1,-1
12,4,293.71,196.36,22.65,71.10,1,-1,-1,-1
12,5,266.88,203.38,24.50,66.16,1,-1,-1,-1
12,10,153.76,196.25,25.81,69.03,1,-1,-1,-1
13,1,62.59,136.76,92.39,232.48,1,-1,-1,-1
13,2,182.02,142.65,93.09,218.84,1,-1,-1,-1
13,3,321.59,199.57,27.38,70.69,1,-1,-1,-1
13,4,302.08,198.90,22.40,69.23,1,-1,-1,-1
13,5,273.92,203.23,24.90,66.83,1,-1,-1,-1
13,10,161.59,195.70,26.57,70.95,1,-1,-1,-1
14,1,71.09,132.03,95.45,242.44,1,-1,-1,-1
14,2,194.45,142.66,92.53,217.42,1,-1,-1,-1
14,3,332.09,197.90,28.05,72.49,1,-1,-1,-1
14,4,312.97,199.18,22.31,68.48,1,-1,-1,-1
14,5,284.61,203.16,25.06,67.07,1,-1,-1,-1
14,10,172.31,196.22,26.64,70.84,1,-1,-1,-1
15,1,77.55,130.30,97.53,249.94,1,-1,-1,-1
15,2,202.75,140.72,96.02,226.58,1,-1,-1,-1
15,3,343.73,198.56,28.23,72.49,1,-1,-1,-1
15,4,322.92,197.92,23.27,70.20,1,-1,-1,-1
15,5,294.65,201.12,25.83,69.14,1,-1,-1,-1
15,10,183.15,194.89,26.70,70.83,1,-1,-1,-1
16,1,83.22,126.44,98.76,255.31,1,-1,-1,-1
16,2,209.78,136.77,97.62,231.25,1,-1,-1,-1
16,3,350.59,197.51,28.16,71.80,1,-1,-1,-1
16,4,330.01,196.12,23.61,70.83,1,-1,-1,-1
16,5,301.88,200.35,25.24,67.28,1,-1,-1,-1
16,10,188.33,193.68,27.38,72.26,1,-1,-1,-1
16,16,9.82,149.87,33.08,159.71,1,-1,-1,-1
17,1,85.03,123.68,100.27,261.14,1,-1,-1,-1
17,2,213.16,135.25,98.37,234.25,1,-1,-1,-1
17,3,353.15,192.49,28.25,72.82,1,-1,-1,-1
17,4,334.53,194.10,24.07,71.72,1,-1,-1,-1
17,5,306.01,198.72,25.50,67.85,1,-1,-1,-1
17,10,192.92,191.19,27.66,72.77,1,-1,-1,-1
17,16,7.78,144.94,39.74,190.55,1,-1,-1,-1
18,1,85.52,121.38,101.55,266.48,1,-1,-1,-1
18,2,217.91,132.76,100.33,239.83,1,-1,-1,-1
18,3,360.41,191.78,28.52,73.52,1,-1,-1,-1
18,4,337.51,193.33,23.79,70.73,1,-1,-1,-1
18,5,310.84,198.13,26.43,70.04,1,-1,-1,-1
18,10,195.43,190.27,28.15,74.32,1,-1,-1,-1
18,16,7.53,144.14,37.63,176.97,1,-1,-1,-1
19,1,84.54,117.30,102.09,269.70,1,-1,-1,-1
19,2,218.77,129.24,102.60,245.75,1,-1,-1,-1
19,4,344.40,193.13,23.87,70.98,1,-1,-1,-1
19,5,311.70,192.69,27.61,73.47,1,-1,-1,-1
19,10,198.03,187.27,28.49,75.55,1,-1,-1,-1
19,16,6.95,140.54,37.27,171.76,1,-1,-1,-1
20,1,79.68,113.19,103.11,274.02,1,-1,-1,-1
20,2,216.53,123.40,105.58,253.73,1,-1,-1,-1
20,5,318.03,191.74,27.94,74.33,1,-1,-1,-1
20,10,196.09,182.84,29.27,77.99,1,-1,-1,-1
20,16,0.98,141.57,42.24,195.55,1,-1,-1,-1
21,1,76.01,109.73,104.86,280.08,1,-1,-1,-1
21,2,214.93,119.25,109.11,262.50,1,-1,-1,-1
21,10,197.23,181.20,28.75,76.93,1,-1,-1,-1
21,16,0.06,139.80,43.37,200.78,1,-1,-1,-1
21,18,44.60,184.86,23.47,72.07,1,-1,-1,-1
22,1,73.69,105.87,105.82,284.22,1,-1,-1,-1
22,2,216.74,115.77,110.41,266.42,1,-1,-1,-1
22,10,197.83,181.29,28.38,76.48,1,-1,-1,-1
22,18,46.20,184.60,23.18,70.69,1,-1,-1,-1
23,1,72.33,105.75,107.55,290.19,1,-1,-1,-1
23,2,217.39,109.32,116.46,280.69,1,-1,-1,-1
23,10,200.44,186.02,27.78,74.96,1,-1,-1,-1
23,18,49.03,186.10,23.74,72.41,1,-1,-1,-1
24,1,71.05,108.36,108.29,293.00,1,-1,-1,-1
24,2,219.55,111.35,116.65,282.89,1,-1,-1,-1
24,10,202.46,185.85,28.47,77.04,1,-1,-1,-1
24,18,51.70,185.92,23.98,72.97,1,-1,-1,-1
25,1,66.15,97.14,117.21,316.62,1,-1,-1,-1
25,2,223.08,110.98,117.44,287.39,1,-1,-1,-1
25,10,205.97,185.42,28.62,77.43,1,-1,-1,-1
25,16,-5.37,142.97,49.88,236.52,1,-1,-1,-1
25,18,52.90,185.60,24.15,73.47,1,-1,-1,-1
26,1,62.46,92.28,121.68,328.67,1,-1,-1,-1
26,2,223.92,108.34,119.17,293.48,1,-1,-1,-1
26,16,-6.51,142.24,51.30,243.25,1,-1,-1,-1
27,1,60.56,88.52,124.18,335.19,1,-1,-1,-1
27,2,226.18,105.44,121.47,301.48,1,-1,-1,-1
28,1,58.10,85.85,127.83,344.56,1,-1,-1,-1
28,2,230.98,98.60,125.84,313.42,1,-1,-1,-1
29,1,55.20,81.06,131.15,352.50,1,-1,-1,-1
29,2,230.89,96.64,128.65,319.82,1,-1,-1,-1
30,1,53.66,79.92,133.18,357.30,1,-1,-1,-1
30,2,233.26,95.96,129.13,322.12,1,-1,-1,-1
31,1,52.15,79.58,135.10,360.86,1,-1,-1,-1
31,2,234.49,91.27,134.85,334.43,1,-1,-1,-1
31,3,407.76,188.86,23.72,61.46,1,-1,-1,-1
32,1,51.10,80.84,137.36,364.58,1,-1,-1,-1
32,2,239.81,89.52,139.35,345.41,1,-1,-1,-1
32,3,407.55,187.36,29.80,77.09,1,-1,-1,-1
32,4,382.19,181.17,27.50,82.84,1,-1,-1,-1
33,1,54.05,78.84,139.24,368.38,1,-1,-1,-1
33,2,248.71,83.80,140.02,347.60,1,-1,-1,-1
33,3,415.11,185.08,31.03,79.99,1,-1,-1,-1
33,4,389.48,178.81,27.54,81.22,1,-1,-1,-1
33,21,402.69,169.75,34.81,86.88,1,-1,-1,-1
34,1,58.63,74.25,143.43,378.71,1,-1,-1,-1
34,2,254.51,74.54,143.77,355.93,1,-1,-1,-1
34,3,423.73,184.79,31.75,81.79,1,-1,-1,-1
34,4,396.86,180.60,27.78,81.27,1,-1,-1,-1
34,21,410.92,170.99,35.03,88.12,1,-1,-1,-1
35,1,58.01,60.32,153.61,406.98,1,-1,-1,-1
35,2,262.75,78.77,144.51,357.03,1,-1,-1,-1
35,3,431.93,186.00,32.43,83.74,1,-1,-1,-1
35,4,404.53,181.30,28.32,82.58,1,-1,-1,-1
35,21,419.39,172.23,34.84,88.44,1,-1,-1,-1
36,1,59.58,47.41,160.19,425.33,1,-1,-1,-1
36,2,273.74,73.44,150.27,372.10,1,-1,-1,-1
36,3,441.22,183.90,33.08,85.09,1,-1,-1,-1
36,4,414.53,178.32,29.04,84.37,1,-1,-1,-1
36,5,505.33,200.60,18.70,48.66,1,-1,-1,-1
36,21,425.24,171.99,35.30,89.62,1,-1,-1,-1
36,23,1.20,116.22,64.53,257.50,1,-1,-1,-1
37,1,61.92,41.72,162.45,433.02,1,-1,-1,-1
37,2,278.66,69.54,154.63,384.13,1,-1,-1,-1
37,3,448.39,183.10,33.58,86.20,1,-1,-1,-1
37,4,421.10,177.85,30.03,88.29,1,-1,-1,-1
37,5,510.93,200.15,18.17,46.22,1,-1,-1,-1
37,23,2.94,113.01,64.73,257.90,1,-1,-1,-1
38,1,68.87,51.15,159.49,424.19,1,-1,-1,-1
38,2,282.80,64.90,157.28,389.90,1,-1,-1,-1
38,3,455.70,185.41,33.37,85.28,1,-1,-1,-1
38,4,426.49,177.12,30.39,89.34,1,-1,-1,-1
38,5,517.86,201.57,18.48,46.41,1,-1,-1,-1
38,10,267.59,180.00,32.17,85.93,1,-1,-1,-1
38,23,3.93,114.15,68.19,271.74,1,-1,-1,-1
39,1,69.48,51.20,160.47,424.81,1,-1,-1,-1
39,2,285.83,58.68,161.48,400.92,1,-1,-1,-1
39,3,459.46,185.03,33.54,85.52,1,-1,-1,-1
39,5,518.34,199.89,23.51,59.33,1,-1,-1,-1
39,10,269.70,182.58,29.98,79.38,1,-1,-1,-1
39,23,3.17,113.88,67.99,270.78,1,-1,-1,-1
40,1,70.64,46.11,163.38,433.26,1,-1,-1,-1
40,2,285.63,52.51,169.35,421.02,1,-1,-1,-1
40,3,464.48,185.55,33.84,86.22,1,-1,-1,-1
40,5,525.93,199.91,24.32,61.37,1,-1,-1,-1
40,10,274.00,182.42,29.97,79.35,1,-1,-1,-1
40,21,448.71,171.00,37.53,95.89,1,-1,-1,-1
40,23,2.97,111.04,68.24,271.48,1,-1,-1,-1
41,1,68.79,42.97,165.06,437.58,1,-1,-1,-1
41,2,290.96,50.20,170.20,421.64,1,-1,-1,-1
41,3,470.13,185.30,34.26,87.29,1,-1,-1,-1
41,4,432.48,163.67,36.34,106.86,1,-1,-1,-1
41,21,454.56,170.76,38.07,97.26,1,-1,-1,-1
41,23,1.65,112.08,71.37,285.18,1,-1,-1,-1
42,1,60.35,38.62,167.36,442.23,1,-1,-1,-1
42,2,292.93,51.38,174.84,426.65,1,-1,-1,-1
42,4,437.00,161.98,37.12,109.15,1,-1,-1,-1
42,23,-1.38,108.52,72.96,293.39,1,-1,-1,-1
43,1,46.51,20.82,174.99,460.02,1,-1,-1,-1
43,2,294.48,46.79,178.56,433.49,1,-1,-1,-1
43,23,-1.65,107.49,74.33,298.91,1,-1,-1,-1
44,1,40.42,14.10,178.16,466.65,1,-1,-1,-1
44,2,293.55,43.83,181.40,437.18,1,-1,-1,-1
45,1,36.25,7.12,181.66,473.47,1,-1,-1,-1
45,2,297.63,40.20,182.93,433.80,1,-1,-1,-1
46,1,31.75,3.94,184.94,476.50,1,-1,-1,-1
46,2,299.33,37.62,184.19,430.22,1,-1,-1,-1
47,1,27.15,0.30,188.06,479.98,1,-1,-1,-1
47,2,301.79,34.79,188.53,431.90,1,-1,-1,-1
48,1,26.49,-0.28,190.35,480.42,1,-1,-1,-1
48,2,304.46,31.87,192.93,434.32,1,-1,-1,-1
49,1,24.65,-0.97,192.54,480.99,1,-1,-1,-1
49,2,297.50,17.13,204.34,456.66,1,-1,-1,-1
50,1,21.16,-1.08,194.42,480.98,1,-1,-1,-1
50,2,295.23,10.34,210.31,466.27,1,-1,-1,-1
51,1,19.86,-1.62,197.12,481.42,1,-1,-1,-1
51,2,292.76,6.55,214.19,469.80,1,-1,-1,-1
52,1,18.47,-1.70,200.01,482.06,1,-1,-1,-1
52,2,294.79,4.61,217.86,473.51,1,-1,-1,-1
53,1,15.26,-1.60,201.94,482.13,1,-1,-1,-1
53,2,301.12,3.37,220.31,474.70,1,-1,-1,-1
54,1,14.29,-1.46,203.56,481.35,1,-1,-1,-1
54,2,304.58,1.10,223.51,476.23,1,-1,-1,-1
55,1,15.33,-1.30,206.04,481.57,1,-1,-1,-1
55,2,303.30,-0.94,227.72,479.88,1,-1,-1,-1
56,1,14.12,-1.15,208.28,481.53,1,-1,-1,-1
56,2,303.69,-1.58,231.20,481.74,1,-1,-1,-1
57,1,12.85,-1.02,210.12,480.75,1,-1,-1,-1
57,2,312.77,-1.69,235.34,482.26,1,-1,-1,-1
58,1,12.57,-0.90,212.45,481.01,1,-1,-1,-1
58,2,317.82,-0.96,237.44,478.35,1,-1,-1,-1
