3,1,1669.57,386.48,202.27,362.51,1,-1,-1,-1
3,2,1255.06,536.26,60.82,124.51,1,-1,-1,-1
3,3,1293.16,465.81,72.19,189.84,1,-1,-1,-1
3,4,257.63,454.03,99.69,249.76,1,-1,-1,-1
3,5,5.83,299.52,141.09,582.31,1,-1,-1,-1
4,1,1665.86,387.44,195.55,350.82,1,-1,-1,-1
4,2,1255.54,539.17,60.42,124.11,1,-1,-1,-1
4,3,1294.78,464.57,73.83,194.21,1,-1,-1,-1
4,4,260.24,452.57,100.37,251.50,1,-1,-1,-1
4,5,1.85,274.03,147.00,607.06,1,-1,-1,-1
5,1,1659.71,387.06,199.04,358.68,1,-1,-1,-1
5,2,1259.45,541.57,59.30,122.50,1,-1,-1,-1
5,3,1297.02,461.23,75.88,200.04,1,-1,-1,-1
5,4,264.70,457.22,99.09,248.38,1,-1,-1,-1
5,5,-4.79,240.24,162.21,672.79,1,-1,-1,-1
6,1,1656.81,383.40,201.54,365.54,1,-1,-1,-1
6,2,1262.51,541.58,59.65,124.14,1,-1,-1,-1
6,3,1299.67,460.79,75.44,199.19,1,-1,-1,-1
6,4,267.80,455.21,99.59,250.16,1,-1,-1,-1
6,5,-3.47,235.99,162.17,673.57,1,-1,-1,-1
7,1,1654.18,380.04,203.20,371.38,1,-1,-1,-1
7,2,1267.81,541.52,57.43,120.53,1,-1,-1,-1
7,3,1302.79,461.39,75.58,199.46,1,-1,-1,-1
7,4,269.08,453.78,100.54,254.28,1,-1,-1,-1
7,5,3.44,241.08,159.31,657.72,1,-1,-1,-1
8,1,1655.45,380.23,200.34,369.32,1,-1,-1,-1
8,2,1268.07,540.04,57.59,122.03,1,-1,-1,-1
8,3,1304.57,460.26,76.17,200.87,1,-1,-1,-1
8,4,271.34,452.57,99.79,253.69,1,-1,-1,-1
8,5,6.59,241.85,159.70,654.61,1,-1,-1,-1
9,1,1656.03,380.37,193.94,359.59,1,-1,-1,-1
9,2,1270.24,539.49,57.44,122.58,1,-1,-1,-1
9,3,1306.54,458.52,76.93,202.70,1,-1,-1,-1
9,4,271.31,451.44,99.64,254.79,1,-1,-1,-1
9,5,-5.05,213.71,177.86,736.94,1,-1,-1,-1
10,1,1662.97,385.25,192.70,362.01,1,-1,-1,-1
10,2,1273.98,537.23,58.76,126.85,1,-1,-1,-1
10,3,1308.66,458.57,76.26,200.64,1,-1,-1,-1
10,4,273.65,448.34,100.77,258.54,1,-1,-1,-1
10,5,5.82,227.65,168.28,687.92,1,-1,-1,-1
11,1,1666.57,385.71,188.22,357.50,1,-1,-1,-1
11,2,1277.30,537.72,57.88,125.77,1,-1,-1,-1
11,3,1310.06,456.62,76.58,201.15,1,-1,-1,-1
11,4,276.14,448.54,99.12,255.90,1,-1,-1,-1
11,5,9.82,227.41,169.14,683.12,1,-1,-1,-1
12,1,1667.26,384.54,187.99,361.17,1,-1,-1,-1
12,2,1278.61,537.25,58.56,128.01,1,-1,-1,-1
12,3,1312.83,455.92,77.36,202.64,1,-1,-1,-1
12,4,278.42,447.31,99.65,258.86,1,-1,-1,-1
12,5,0.07,216.32,180.47,732.71,1,-1,-1,-1
12,8,1856.38,358.68,64.20,293.44,1,-1,-1,-1
13,1,1665.26,382.78,189.15,368.51,1,-1,-1,-1
13,2,1280.52,537.07,58.44,128.83,1,-1,-1,-1
13,3,1314.43,457.68,78.35,205.16,1,-1,-1,-1
13,4,282.72,447.54,99.42,259.27,1,-1,-1,-1
13,5,8.49,212.33,177.91,711.69,1,-1,-1,-1
13,8,1854.45,354.32,67.26,308.45,1,-1,-1,-1
14,1,1664.49,385.43,186.37,363.99,1,-1,-1,-1
14,2,1281.78,537.66,57.15,127.14,1,-1,-1,-1
14,3,1315.63,458.38,78.68,205.42,1,-1,-1,-1
14,4,286.74,448.98,99.02,259.39,1,-1,-1,-1
14,5,12.06,209.97,180.31,710.69,1,-1,-1,-1
14,8,1849.89,341.51,73.99,341.68,1,-1,-1,-1
15,1,1657.24,376.47,192.65,378.84,1,-1,-1,-1
15,2,1282.00,537.23,56.97,128.47,1,-1,-1,-1
15,3,1316.42,458.66,78.61,204.81,1,-1,-1,-1
15,4,288.60,451.53,97.98,258.07,1,-1,-1,-1
15,5,12.06,211.33,183.74,715.17,1,-1,-1,-1
15,8,1849.58,337.66,75.76,353.33,1,-1,-1,-1
15,9,1798.85,434.48,67.65,192.01,1,-1,-1,-1
16,1,1652.78,375.13,190.74,379.73,1,-1,-1,-1
16,2,1283.06,536.41,56.13,127.63,1,-1,-1,-1
16,3,1316.64,458.12,79.23,206.53,1,-1,-1,-1
16,4,290.82,449.85,97.69,256.88,1,-1,-1,-1
16,5,10.73,206.87,188.18,725.03,1,-1,-1,-1
16,8,1850.04,336.41,75.37,355.07,1,-1,-1,-1
16,9,1802.70,437.26,66.63,189.07,1,-1,-1,-1
17,1,1653.67,370.06,192.11,387.21,1,-1,-1,-1
17,2,1283.51,535.43,56.22,129.29,1,-1,-1,-1
17,3,1319.15,457.93,79.08,205.83,1,-1,-1,-1
17,4,293.28,450.55,96.79,253.76,1,-1,-1,-1
17,5,9.42,205.40,191.96,733.01,1,-1,-1,-1
17,8,1848.86,332.84,76.62,364.99,1,-1,-1,-1
17,9,1802.55,437.35,67.29,191.32,1,-1,-1,-1
18,1,1646.25,365.56,191.27,389.97,1,-1,-1,-1
18,2,1287.00,535.07,56.08,129.90,1,-1,-1,-1
18,3,1320.99,458.53,78.42,203.54,1,-1,-1,-1
18,4,299.96,450.82,97.38,255.23,1,-1,-1,-1
18,5,12.55,216.19,192.51,723.95,1,-1,-1,-1
18,8,1843.96,322.43,82.08,395.89,1,-1,-1,-1
18,9,1803.90,438.78,66.68,190.01,1,-1,-1,-1
19,1,1644.68,369.79,187.85,385.02,1,-1,-1,-1
19,2,1287.73,534.94,55.80,130.11,1,-1,-1,-1
19,3,1322.98,458.77,78.09,202.65,1,-1,-1,-1
19,4,303.57,451.59,97.84,256.44,1,-1,-1,-1
19,5,13.40,217.98,196.55,728.58,1,-1,-1,-1
19,8,1844.42,315.35,83.99,413.19,1,-1,-1,-1
19,9,1807.05,437.10,65.87,188.21,1,-1,-1,-1
20,1,1639.98,368.19,190.30,392.26,1,-1,-1,-1
20,2,1290.74,534.90,56.00,130.84,1,-1,-1,-1
20,3,1324.91,458.87,77.44,200.97,1,-1,-1,-1
20,4,306.54,454.52,98.56,256.90,1,-1,-1,-1
20,5,17.01,226.00,197.89,718.91,1,-1,-1,-1
20,8,1842.47,308.86,89.07,449.59,1,-1,-1,-1
20,9,1809.79,438.56,64.96,185.55,1,-1,-1,-1
21,1,1647.23,368.94,189.03,395.56,1,-1,-1,-1
21,2,1293.32,536.21,55.71,129.78,1,-1,-1,-1
21,3,1327.10,460.90,78.11,203.65,1,-1,-1,-1
21,4,309.30,457.61,97.29,251.77,1,-1,-1,-1
21,5,23.95,228.57,203.62,718.85,1,-1,-1,-1
21,8,1841.24,302.65,88.87,457.35,1,-1,-1,-1
21,9,1811.09,440.44,64.52,183.97,1,-1,-1,-1
22,1,1638.14,371.89,186.91,394.11,1,-1,-1,-1
22,2,1295.10,537.38,55.83,130.02,1,-1,-1,-1
22,3,1328.41,461.01,78.56,205.31,1,-1,-1,-1
22,4,309.64,458.09,97.29,250.48,1,-1,-1,-1
22,5,28.78,235.54,208.41,712.70,1,-1,-1,-1
22,8,1841.05,305.44,87.53,458.43,1,-1,-1,-1
22,9,1810.84,439.72,66.32,186.90,1,-1,-1,-1
23,1,1633.99,377.01,185.57,393.45,1,-1,-1,-1
23,2,1297.08,539.14,55.12,128.78,1,-1,-1,-1
23,3,1330.41,461.04,78.22,205.27,1,-1,-1,-1
23,4,308.40,456.92,98.49,253.33,1,-1,-1,-1
23,5,29.43,223.03,216.29,718.77,1,-1,-1,-1
23,8,1840.21,305.48,87.27,464.64,1,-1,-1,-1
23,9,1809.46,438.76,66.75,186.66,1,-1,-1,-1
24,1,1630.95,377.00,185.56,395.76,1,-1,-1,-1
24,2,1298.50,537.82,55.33,129.63,1,-1,-1,-1
24,3,1329.34,458.41,78.97,207.87,1,-1,-1,-1
24,4,308.86,455.15,98.90,254.41,1,-1,-1,-1
24,5,33.00,223.64,220.89,709.74,1,-1,-1,-1
24,8,1839.13,301.78,88.06,476.87,1,-1,-1,-1
24,9,1808.08,435.01,68.49,192.67,1,-1,-1,-1
25,1,1629.35,382.91,180.06,385.39,1,-1,-1,-1
25,2,1299.73,538.63,54.55,128.62,1,-1,-1,-1
25,3,1329.57,456.76,78.51,205.55,1,-1,-1,-1
25,4,308.95,455.12,99.04,254.82,1,-1,-1,-1
25,5,38.87,217.99,231.18,714.73,1,-1,-1,-1
25,8,1836.26,304.31,88.79,485.70,1,-1,-1,-1
25,9,1809.02,434.84,68.52,192.74,1,-1,-1,-1
26,1,1628.77,383.84,179.49,384.66,1,-1,-1,-1
26,2,1300.75,538.27,54.32,128.89,1,-1,-1,-1
26,3,1330.08,456.80,78.02,203.31,1,-1,-1,-1
26,4,310.44,454.44,98.68,254.31,1,-1,-1,-1
26,5,40.68,221.21,235.53,705.31,1,-1,-1,-1
26,8,1832.80,314.44,86.07,466.22,1,-1,-1,-1
27,1,1624.41,378.21,183.77,394.96,1,-1,-1,-1
27,2,1301.59,537.47,54.52,130.31,1,-1,-1,-1
27,3,1330.06,455.50,78.80,205.11,1,-1,-1,-1
27,4,313.59,452.85,100.51,259.41,1,-1,-1,-1
27,5,42.56,225.85,239.02,694.30,1,-1,-1,-1
27,8,1834.11,321.30,84.95,460.33,1,-1,-1,-1
28,1,1619.98,375.44,181.96,392.90,1,-1,-1,-1
28,2,1301.08,537.17,54.81,131.50,1,-1,-1,-1
28,3,1331.42,456.35,78.92,205.12,1,-1,-1,-1
28,4,316.25,454.22,100.08,257.38,1,-1,-1,-1
28,5,57.88,219.67,243.34,680.13,1,-1,-1,-1
28,8,1832.88,314.76,86.71,470.92,1,-1,-1,-1
29,1,1616.64,374.37,182.11,395.33,1,-1,-1,-1
29,2,1301.79,536.39,54.33,130.63,1,-1,-1,-1
29,3,1331.36,455.36,80.68,210.40,1,-1,-1,-1
29,4,316.53,454.09,100.54,255.91,1,-1,-1,-1
29,5,55.58,217.39,255.26,696.90,1,-1,-1,-1
29,8,1830.82,312.34,87.38,472.74,1,-1,-1,-1
30,1,1615.35,372.01,182.45,396.87,1,-1,-1,-1
30,2,1301.53,536.76,54.42,130.94,1,-1,-1,-1
30,3,1332.17,457.62,78.96,206.48,1,-1,-1,-1
30,4,317.64,446.10,103.19,261.96,1,-1,-1,-1
30,5,81.24,232.39,254.34,677.41,1,-1,-1,-1
30,8,1826.89,313.42,88.08,469.82,1,-1,-1,-1
31,1,1613.20,365.20,185.45,409.25,1,-1,-1,-1
31,2,1302.16,536.90,54.23,131.06,1,-1,-1,-1
31,3,1331.98,458.51,79.18,206.26,1,-1,-1,-1
31,4,314.87,438.54,105.86,266.84,1,-1,-1,-1
31,5,84.67,228.22,261.60,687.26,1,-1,-1,-1
31,8,1824.28,306.70,90.61,478.86,1,-1,-1,-1
32,1,1614.27,362.01,184.25,413.22,1,-1,-1,-1
32,2,1303.46,536.96,53.94,131.09,1,-1,-1,-1
32,3,1333.20,456.86,79.26,206.82,1,-1,-1,-1
32,4,316.67,431.76,108.86,273.90,1,-1,-1,-1
32,5,97.30,231.31,259.58,675.07,1,-1,-1,-1
32,8,1820.08,306.16,91.57,473.62,1,-1,-1,-1
33,1,1612.23,365.41,181.73,408.77,1,-1,-1,-1
33,2,1307.16,535.66,54.61,132.41,1,-1,-1,-1
33,3,1333.83,454.92,79.52,207.69,1,-1,-1,-1
33,4,318.09,429.65,109.59,275.72,1,-1,-1,-1
33,5,109.35,235.82,262.92,665.78,1,-1,-1,-1
33,8,1816.31,306.05,93.69,473.88,1,-1,-1,-1
34,1,1611.60,363.48,182.61,412.87,1,-1,-1,-1
34,2,1308.57,535.17,54.73,132.91,1,-1,-1,-1
34,3,1333.04,455.51,79.65,207.34,1,-1,-1,-1
34,5,113.00,219.48,275.84,679.08,1,-1,-1,-1
34,8,1810.74,294.91,98.93,492.82,1,-1,-1,-1
35,1,1611.93,364.10,180.64,411.73,1,-1,-1,-1
35,2,1309.86,534.99,54.50,132.42,1,-1,-1,-1
35,3,1333.63,453.77,80.48,209.18,1,-1,-1,-1
35,5,129.02,226.63,281.07,677.45,1,-1,-1,-1
35,8,1807.48,296.58,100.72,489.47,1,-1,-1,-1
36,1,1608.44,365.04,176.10,401.99,1,-1,-1,-1
36,2,1310.70,536.25,54.25,131.57,1,-1,-1,-1
36,3,1334.13,455.75,80.19,207.23,1,-1,-1,-1
36,5,137.57,232.72,284.01,663.62,1,-1,-1,-1
36,8,1806.21,299.34,101.58,481.93,1,-1,-1,-1
37,1,1605.59,366.77,176.26,404.19,1,-1,-1,-1
37,2,1310.92,535.41,54.25,131.90,1,-1,-1,-1
37,3,1335.32,457.19,79.99,205.81,1,-1,-1,-1
37,5,149.54,234.36,292.07,668.44,1,-1,-1,-1
37,8,1804.07,301.15,103.39,478.81,1,-1,-1,-1
38,1,1605.85,368.09,173.83,401.02,1,-1,-1,-1
38,2,1311.77,535.10,53.94,131.35,1,-1,-1,-1
38,3,1335.76,458.40,79.87,204.61,1,-1,-1,-1
38,5,151.18,241.58,306.60,685.51,1,-1,-1,-1
38,8,1801.98,305.20,104.78,472.86,1,-1,-1,-1
39,1,1607.56,370.60,175.84,408.40,1,-1,-1,-1
39,2,1312.33,534.98,53.92,131.81,1,-1,-1,-1
39,3,1336.61,456.86,80.40,206.15,1,-1,-1,-1
39,5,158.76,252.78,312.54,684.73,1,-1,-1,-1
39,8,1799.38,306.78,107.06,471.13,1,-1,-1,-1
40,1,1601.21,365.63,177.57,417.05,1,-1,-1,-1
40,2,1313.50,534.95,53.89,131.97,1,-1,-1,-1
40,3,1337.64,454.30,81.09,208.05,1,-1,-1,-1
40,5,172.63,243.18,309.77,666.59,1,-1,-1,-1
40,8,1798.03,309.39,108.14,463.78,1,-1,-1,-1
41,1,1607.52,372.24,178.55,420.30,1,-1,-1,-1
41,2,1314.10,534.28,54.15,132.69,1,-1,-1,-1
41,3,1337.52,452.02,81.67,210.08,1,-1,-1,-1
41,5,195.18,250.09,308.54,648.99,1,-1,-1,-1
41,8,1797.58,313.06,109.89,461.58,1,-1,-1,-1
42,1,1610.59,372.83,179.10,422.13,1,-1,-1,-1
42,2,1314.29,534.69,54.24,132.96,1,-1,-1,-1
42,3,1337.40,455.11,80.65,206.89,1,-1,-1,-1
42,5,203.64,249.92,309.01,647.89,1,-1,-1,-1
42,8,1795.31,311.12,113.52,468.69,1,-1,-1,-1
43,1,1604.54,366.48,180.70,428.00,1,-1,-1,-1
43,2,1315.39,535.51,54.12,132.39,1,-1,-1,-1
43,3,1338.04,456.32,80.15,204.99,1,-1,-1,-1
43,5,216.55,248.48,310.10,650.25,1,-1,-1,-1
43,8,1793.74,313.02,115.76,470.01,1,-1,-1,-1
44,1,1604.66,356.87,183.07,438.00,1,-1,-1,-1
44,2,1316.24,536.49,53.80,131.51,1,-1,-1,-1
44,3,1339.08,457.44,79.64,202.95,1,-1,-1,-1
44,5,236.21,249.21,301.85,638.64,1,-1,-1,-1
44,8,1791.83,315.72,117.34,467.82,1,-1,-1,-1
45,1,1598.41,343.46,186.88,450.85,1,-1,-1,-1
45,2,1316.11,535.53,53.84,131.84,1,-1,-1,-1
45,3,1338.86,456.53,79.96,203.53,1,-1,-1,-1
45,5,263.22,250.78,292.55,628.36,1,-1,-1,-1
45,8,1788.72,310.12,121.48,477.52,1,-1,-1,-1
46,1,1596.11,344.84,186.91,453.08,1,-1,-1,-1
46,2,1316.05,535.17,53.80,131.96,1,-1,-1,-1
46,3,1339.88,456.84,79.81,203.09,1,-1,-1,-1
46,5,277.86,237.25,289.58,634.73,1,-1,-1,-1
46,8,1787.81,311.94,123.90,481.77,1,-1,-1,-1
47,1,1593.27,349.40,183.74,442.69,1,-1,-1,-1
47,2,1316.31,535.04,53.84,132.00,1,-1,-1,-1
47,3,1340.03,456.96,80.18,203.60,1,-1,-1,-1
47,5,301.45,245.51,280.43,627.25,1,-1,-1,-1
47,8,1786.64,310.02,125.90,484.63,1,-1,-1,-1
48,1,1592.12,348.62,182.07,440.47,1,-1,-1,-1
48,2,1316.26,534.33,54.09,132.68,1,-1,-1,-1
48,3,1340.02,457.01,80.42,203.80,1,-1,-1,-1
48,5,324.89,254.66,273.38,617.89,1,-1,-1,-1
48,8,1784.03,304.04,127.78,485.64,1,-1,-1,-1
49,1,1588.00,342.44,186.32,450.76,1,-1,-1,-1
49,2,1315.96,534.72,54.04,132.27,1,-1,-1,-1
49,3,1340.44,457.02,80.28,203.22,1,-1,-1,-1
49,5,344.26,255.37,269.71,614.56,1,-1,-1,-1
49,8,1781.17,299.14,131.63,495.80,1,-1,-1,-1
50,1,1582.38,340.17,186.37,449.99,1,-1,-1,-1
50,2,1316.17,534.88,53.98,132.11,1,-1,-1,-1
50,3,1340.65,457.69,80.08,203.01,1,-1,-1,-1
50,5,360.46,258.92,270.54,614.14,1,-1,-1,-1
50,8,1778.64,292.75,136.06,510.02,1,-1,-1,-1
51,1,1579.02,339.38,186.29,448.90,1,-1,-1,-1
51,2,1316.23,535.60,53.96,132.05,1,-1,-1,-1
51,3,1341.14,457.93,79.82,202.27,1,-1,-1,-1
51,5,378.68,267.50,267.95,604.83,1,-1,-1,-1
51,8,1777.59,290.99,136.66,508.21,1,-1,-1,-1
52,1,1572.39,341.13,187.25,451.03,1,-1,-1,-1
52,2,1316.07,536.54,53.63,131.36,1,-1,-1,-1
52,3,1341.12,458.69,79.42,201.34,1,-1,-1,-1
52,5,389.70,280.01,270.65,596.82,1,-1,-1,-1
52,8,1774.80,283.18,140.44,519.78,1,-1,-1,-1
53,1,1567.87,341.85,189.17,455.04,1,-1,-1,-1
53,2,1316.00,536.22,53.48,131.10,1,-1,-1,-1
53,3,1341.28,458.96,79.58,201.67,1,-1,-1,-1
53,5,403.77,273.84,277.22,602.72,1,-1,-1,-1
53,8,1774.27,281.58,141.51,521.45,1,-1,-1,-1
54,1,1564.87,343.49,188.73,454.52,1,-1,-1,-1
54,2,1316.64,536.76,53.40,131.01,1,-1,-1,-1
54,3,1341.20,457.74,79.88,202.46,1,-1,-1,-1
54,5,412.23,275.44,283.41,608.35,1,-1,-1,-1
54,8,1774.42,290.21,140.63,514.72,1,-1,-1,-1
55,1,1561.78,343.51,190.04,458.83,1,-1,-1,-1
55,2,1316.71,536.96,53.02,130.31,1,-1,-1,-1
55,3,1341.33,457.27,80.31,203.43,1,-1,-1,-1
55,4,359.25,431.60,108.48,277.32,1,-1,-1,-1
55,5,425.47,283.88,281.00,591.41,1,-1,-1,-1
55,8,1772.08,289.00,143.17,521.20,1,-1,-1,-1
56,1,1559.95,343.54,190.08,459.08,1,-1,-1,-1
56,2,1316.75,537.03,52.83,130.06,1,-1,-1,-1
56,3,1341.07,457.09,80.41,203.80,1,-1,-1,-1
56,4,363.20,432.64,108.12,276.38,1,-1,-1,-1
56,5,442.32,276.93,279.09,591.13,1,-1,-1,-1
56,8,1770.20,287.28,145.53,527.46,1,-1,-1,-1
57,1,1554.23,347.54,187.87,453.82,1,-1,-1,-1
57,2,1316.11,537.06,52.72,129.97,1,-1,-1,-1
57,3,1341.03,456.36,80.96,205.26,1,-1,-1,-1
57,4,368.21,432.27,111.22,277.47,1,-1,-1,-1
57,5,452.68,271.62,278.39,593.81,1,-1,-1,-1
57,8,1767.25,287.32,147.67,531.69,1,-1,-1,-1
58,1,1550.00,343.80,192.01,462.98,1,-1,-1,-1
58,2,1316.55,537.06,52.63,129.94,1,-1,-1,-1
58,3,1341.22,456.75,80.74,205.15,1,-1,-1,-1
58,4,373.36,437.49,109.62,271.82,1,-1,-1,-1
58,5,464.85,254.33,282.34,610.85,1,-1,-1,-1
58,8,1759.41,274.94,154.12,550.19,1,-1,-1,-1
59,1,1544.86,336.52,195.62,472.25,1,-1,-1,-1
59,2,1316.06,537.06,52.57,129.93,1,-1,-1,-1
59,3,1340.84,456.90,80.88,205.76,1,-1,-1,-1
59,4,377.87,437.42,111.69,273.75,1,-1,-1,-1
59,5,487.60,253.10,279.37,614.00,1,-1,-1,-1
59,8,1758.91,279.36,154.27,546.09,1,-1,-1,-1
60,1,1535.38,332.45,196.58,474.40,1,-1,-1,-1
60,2,1315.89,537.71,52.51,129.94,1,-1,-1,-1
60,3,1340.52,456.30,81.29,206.65,1,-1,-1,-1
60,4,379.62,438.04,112.06,273.14,1,-1,-1,-1
60,5,514.00,236.21,274.60,617.22,1,-1,-1,-1
60,8,1755.34,275.95,157.91,554.73,1,-1,-1,-1
61,1,1529.41,332.91,199.21,481.02,1,-1,-1,-1
61,2,1315.83,537.96,52.46,129.94,1,-1,-1,-1
61,3,1340.20,456.73,81.15,206.31,1,-1,-1,-1
61,4,379.87,437.57,112.72,272.93,1,-1,-1,-1
61,5,538.71,237.76,273.21,618.44,1,-1,-1,-1
61,8,1749.37,268.18,164.03,572.21,1,-1,-1,-1
62,1,1521.83,340.98,197.36,474.28,1,-1,-1,-1
62,2,1315.82,537.38,52.42,129.95,1,-1,-1,-1
62,3,1340.25,456.24,81.41,206.84,1,-1,-1,-1
62,4,379.55,440.71,111.55,271.53,1,-1,-1,-1
62,5,561.36,241.09,271.25,614.28,1,-1,-1,-1
62,8,1746.39,264.63,167.20,579.38,1,-1,-1,-1
63,1,1517.34,340.85,200.12,477.48,1,-1,-1,-1
63,2,1315.17,536.50,52.38,129.95,1,-1,-1,-1
63,3,1339.59,456.05,81.54,207.03,1,-1,-1,-1
63,4,384.56,436.52,111.31,273.02,1,-1,-1,-1
63,5,578.67,260.96,262.94,591.54,1,-1,-1,-1
63,8,1746.91,268.54,165.84,569.59,1,-1,-1,-1
64,1,1512.21,339.50,202.41,481.90,1,-1,-1,-1
64,2,1314.93,536.82,52.34,129.96,1,-1,-1,-1
64,3,1340.10,456.65,81.39,206.43,1,-1,-1,-1
64,4,387.49,438.25,109.57,271.60,1,-1,-1,-1
64,5,597.46,254.49,266.48,592.98,1,-1,-1,-1
64,8,1743.41,276.75,164.30,553.66,1,-1,-1,-1
64,14,226.82,471.92,71.16,234.69,1,-1,-1,-1
65,1,1506.13,336.38,202.66,482.84,1,-1,-1,-1
65,2,1314.86,536.94,52.31,129.96,1,-1,-1,-1
65,3,1340.27,456.87,81.37,206.20,1,-1,-1,-1
65,4,396.20,436.23,109.46,273.07,1,-1,-1,-1
65,5,614.55,254.77,267.55,582.30,1,-1,-1,-1
65,8,1738.94,274.64,167.43,554.72,1,-1,-1,-1
65,14,225.78,466.47,74.37,243.74,1,-1,-1,-1
66,1,1503.30,336.52,198.84,477.84,1,-1,-1,-1
66,2,1314.35,536.33,52.61,130.63,1,-1,-1,-1
66,3,1339.65,457.62,81.40,206.10,1,-1,-1,-1
66,4,402.28,436.12,107.54,270.98,1,-1,-1,-1
66,5,632.14,263.57,273.52,585.73,1,-1,-1,-1
66,8,1733.73,266.63,174.50,571.52,1,-1,-1,-1
66,14,230.83,469.04,74.10,240.87,1,-1,-1,-1
67,1,1502.91,335.29,199.02,479.80,1,-1,-1,-1
67,2,1313.87,536.10,52.64,130.88,1,-1,-1,-1
67,3,1339.29,457.24,81.67,206.72,1,-1,-1,-1
67,4,406.93,436.74,105.82,268.21,1,-1,-1,-1
67,5,638.11,259.52,274.29,579.79,1,-1,-1,-1
67,8,1733.29,260.40,176.82,574.50,1,-1,-1,-1
67,14,236.74,472.25,74.37,239.55,1,-1,-1,-1
68,1,1504.76,334.19,196.70,475.88,1,-1,-1,-1
68,2,1313.71,536.01,52.61,130.98,1,-1,-1,-1
68,3,1339.14,457.09,81.78,206.95,1,-1,-1,-1
68,4,408.98,432.98,108.93,277.17,1,-1,-1,-1
68,5,646.03,254.63,273.73,581.66,1,-1,-1,-1
68,8,1727.05,257.40,181.46,584.66,1,-1,-1,-1
68,14,243.88,476.91,74.69,237.58,1,-1,-1,-1
69,1,1504.94,339.09,195.19,474.98,1,-1,-1,-1
69,2,1313.67,535.98,52.56,131.01,1,-1,-1,-1
69,3,1339.46,457.04,81.74,207.04,1,-1,-1,-1
69,4,411.38,429.62,111.23,283.11,1,-1,-1,-1
69,5,661.87,256.11,273.13,580.46,1,-1,-1,-1
69,8,1718.35,254.38,182.95,585.13,1,-1,-1,-1
69,14,248.34,477.20,74.94,234.73,1,-1,-1,-1
70,1,1506.80,340.30,197.90,481.88,1,-1,-1,-1
70,2,1313.57,535.97,52.74,131.68,1,-1,-1,-1
70,3,1339.72,456.36,81.45,206.40,1,-1,-1,-1
70,4,414.99,430.96,109.07,277.52,1,-1,-1,-1
70,5,681.79,263.98,262.99,562.84,1,-1,-1,-1
70,8,1718.82,248.72,186.52,590.38,1,-1,-1,-1
70,14,250.87,475.91,76.34,235.02,1,-1,-1,-1
71,1,1505.38,338.79,200.73,490.35,1,-1,-1,-1
71,2,1313.67,535.31,52.53,131.27,1,-1,-1,-1
71,3,1339.16,456.76,81.33,206.16,1,-1,-1,-1
71,4,416.02,430.85,109.95,279.28,1,-1,-1,-1
71,5,696.39,270.99,259.60,560.99,1,-1,-1,-1
71,8,1717.00,250.58,189.39,593.54,1,-1,-1,-1
71,14,251.58,472.70,78.35,236.46,1,-1,-1,-1
72,1,1501.86,338.87,202.69,495.48,1,-1,-1,-1
72,2,1313.73,535.73,52.43,131.11,1,-1,-1,-1
72,3,1339.62,456.91,81.27,206.06,1,-1,-1,-1
72,4,416.57,430.82,111.70,281.24,1,-1,-1,-1
72,5,711.75,275.52,253.34,554.44,1,-1,-1,-1
72,8,1716.65,251.39,190.60,592.63,1,-1,-1,-1
72,14,253.55,473.52,79.44,234.97,1,-1,-1,-1
73,1,1498.76,348.08,199.25,486.22,1,-1,-1,-1
73,2,1313.76,535.89,52.37,131.05,1,-1,-1,-1
73,3,1339.25,457.63,81.01,205.36,1,-1,-1,-1
73,4,417.37,433.45,110.95,278.02,1,-1,-1,-1
73,5,727.39,271.79,249.98,557.50,1,-1,-1,-1
73,8,1710.18,255.07,192.71,589.49,1,-1,-1,-1
73,14,255.41,473.16,80.67,234.39,1,-1,-1,-1
74,1,1498.19,350.96,197.54,481.88,1,-1,-1,-1
74,2,1313.79,535.95,52.32,131.03,1,-1,-1,-1
74,3,1338.89,457.24,81.36,206.42,1,-1,-1,-1
74,4,418.56,435.79,110.63,276.76,1,-1,-1,-1
74,5,742.90,273.01,240.24,544.81,1,-1,-1,-1
74,8,1705.79,253.25,196.17,593.44,1,-1,-1,-1
74,14,257.02,469.69,83.08,236.84,1,-1,-1,-1
75,1,1493.38,334.13,206.29,504.71,1,-1,-1,-1
75,2,1314.21,535.97,52.16,130.35,1,-1,-1,-1
75,3,1338.82,458.41,80.70,204.84,1,-1,-1,-1
75,4,418.37,435.35,110.25,272.97,1,-1,-1,-1
75,5,761.19,283.47,231.76,532.80,1,-1,-1,-1
75,8,1705.34,253.92,199.14,598.11,1,-1,-1,-1
75,14,258.30,463.75,87.71,247.04,1,-1,-1,-1
76,1,1491.41,332.43,208.68,511.19,1,-1,-1,-1
76,2,1313.95,535.98,52.28,130.76,1,-1,-1,-1
76,3,1338.92,458.85,80.21,203.58,1,-1,-1,-1
76,4,418.60,433.18,111.28,273.54,1,-1,-1,-1
76,5,772.66,288.62,228.75,530.56,1,-1,-1,-1
76,8,1701.49,253.57,200.55,595.84,1,-1,-1,-1
76,14,258.45,460.25,91.90,256.05,1,-1,-1,-1
77,1,1487.75,331.81,208.42,510.97,1,-1,-1,-1
77,2,1313.86,535.99,52.31,130.92,1,-1,-1,-1
77,3,1341.91,458.35,82.08,209.74,1,-1,-1,-1
77,4,419.23,432.36,111.75,274.42,1,-1,-1,-1
77,5,783.20,289.76,225.38,525.24,1,-1,-1,-1
77,8,1697.68,258.10,196.03,576.40,1,-1,-1,-1
77,14,260.85,459.59,93.16,256.23,1,-1,-1,-1
78,1,1481.03,325.70,211.22,517.30,1,-1,-1,-1
78,2,1313.95,535.99,52.07,130.32,1,-1,-1,-1
78,3,1340.14,458.81,80.69,206.15,1,-1,-1,-1
78,4,421.14,430.08,111.74,275.42,1,-1,-1,-1
78,5,801.50,291.41,223.68,519.45,1,-1,-1,-1
78,8,1691.03,256.54,198.86,581.54,1,-1,-1,-1
78,14,269.61,463.33,90.20,247.00,1,-1,-1,-1
79,1,1476.34,322.12,211.48,517.64,1,-1,-1,-1
79,2,1313.98,535.99,51.99,130.09,1,-1,-1,-1
79,3,1339.33,458.99,80.37,205.40,1,-1,-1,-1
79,4,423.88,429.89,112.18,279.11,1,-1,-1,-1
79,5,815.48,287.23,224.34,518.84,1,-1,-1,-1
79,8,1691.25,257.30,203.96,594.65,1,-1,-1,-1
79,14,273.11,458.84,92.50,252.00,1,-1,-1,-1
80,1,1476.22,321.46,213.02,520.92,1,-1,-1,-1
80,2,1313.88,535.99,52.18,130.67,1,-1,-1,-1
80,3,1338.54,457.72,80.56,205.78,1,-1,-1,-1
80,4,426.46,428.51,110.43,276.55,1,-1,-1,-1
80,5,827.31,290.28,223.61,514.12,1,-1,-1,-1
80,8,1689.82,258.26,208.40,606.75,1,-1,-1,-1
80,14,278.03,457.22,94.44,254.46,1,-1,-1,-1
81,1,1469.41,314.71,217.50,530.57,1,-1,-1,-1
81,2,1313.97,536.65,52.02,130.23,1,-1,-1,-1
81,3,1338.35,457.90,80.43,205.26,1,-1,-1,-1
81,4,428.81,426.68,110.16,277.54,1,-1,-1,-1
81,5,838.07,298.03,223.53,509.20,1,-1,-1,-1
81,8,1687.40,255.37,210.71,612.61,1,-1,-1,-1
81,14,283.71,457.30,95.84,256.00,1,-1,-1,-1
82,1,1463.22,310.90,216.76,528.91,1,-1,-1,-1
82,2,1314.00,536.24,51.96,130.06,1,-1,-1,-1
82,3,1338.26,457.97,80.41,205.07,1,-1,-1,-1
82,4,429.96,419.41,115.31,292.42,1,-1,-1,-1
82,5,850.46,299.50,222.38,502.21,1,-1,-1,-1
82,8,1683.77,261.48,212.57,612.77,1,-1,-1,-1
82,14,287.23,456.72,96.67,255.88,1,-1,-1,-1
82,15,1879.11,441.03,38.98,165.53,1,-1,-1,-1
83,1,1464.16,314.11,215.98,526.15,1,-1,-1,-1
83,2,1313.35,536.09,51.94,130.00,1,-1,-1,-1
83,3,1338.01,457.34,80.86,205.66,1,-1,-1,-1
83,4,433.89,423.19,112.74,287.61,1,-1,-1,-1
83,5,865.25,295.92,221.24,501.81,1,-1,-1,-1
83,8,1678.87,253.98,215.83,619.92,1,-1,-1,-1
83,14,289.10,455.88,98.24,257.08,1,-1,-1,-1
83,15,1878.82,441.40,39.04,165.82,1,-1,-1,-1
84,1,1458.85,316.74,214.71,521.02,1,-1,-1,-1
84,2,1312.99,535.37,52.16,130.64,1,-1,-1,-1
84,3,1337.49,457.76,81.23,205.88,1,-1,-1,-1
84,4,438.15,424.10,111.35,285.61,1,-1,-1,-1
84,5,878.02,293.86,219.94,505.17,1,-1,-1,-1
84,8,1676.03,249.83,217.83,621.86,1,-1,-1,-1
84,14,290.48,454.29,99.83,258.81,1,-1,-1,-1
85,1,1453.19,316.48,219.11,529.55,1,-1,-1,-1
85,2,1312.59,535.09,52.14,130.88,1,-1,-1,-1
85,3,1336.94,457.92,81.43,205.97,1,-1,-1,-1
85,4,439.01,421.83,114.12,291.41,1,-1,-1,-1
85,5,891.50,291.04,214.35,497.27,1,-1,-1,-1
85,8,1668.63,235.15,222.85,633.62,1,-1,-1,-1
85,14,292.82,457.01,98.50,253.50,1,-1,-1,-1
86,1,1447.54,319.70,220.14,530.71,1,-1,-1,-1
86,2,1312.75,535.00,52.15,130.97,1,-1,-1,-1
86,3,1336.69,457.32,81.59,206.00,1,-1,-1,-1
86,4,442.98,421.00,112.96,289.64,1,-1,-1,-1
86,5,910.24,291.26,214.49,505.81,1,-1,-1,-1
86,8,1666.52,225.71,224.80,636.01,1,-1,-1,-1
86,14,295.18,457.44,99.35,254.72,1,-1,-1,-1
87,1,1443.58,323.61,220.41,528.43,1,-1,-1,-1
87,2,1312.43,534.96,52.28,131.67,1,-1,-1,-1
87,3,1336.42,456.43,82.68,207.99,1,-1,-1,-1
87,4,446.72,417.42,113.81,291.53,1,-1,-1,-1
87,5,922.47,291.98,213.04,505.75,1,-1,-1,-1
87,8,1668.16,238.56,221.46,623.00,1,-1,-1,-1
87,14,300.95,458.27,99.57,255.16,1,-1,-1,-1
88,1,1435.29,325.78,219.84,525.49,1,-1,-1,-1
88,2,1312.75,534.95,52.12,131.27,1,-1,-1,-1
88,3,1336.56,456.76,82.62,207.42,1,-1,-1,-1
88,4,452.44,425.96,113.24,288.27,1,-1,-1,-1
88,5,938.14,294.22,211.16,501.20,1,-1,-1,-1
88,8,1667.44,237.67,221.11,622.46,1,-1,-1,-1
88,14,305.86,455.98,100.52,257.27,1,-1,-1,-1
89,1,1426.18,321.32,223.25,532.24,1,-1,-1,-1
89,2,1312.76,534.95,52.28,131.77,1,-1,-1,-1
89,3,1336.68,457.55,82.49,207.20,1,-1,-1,-1
89,4,452.29,422.65,116.79,292.93,1,-1,-1,-1
89,5,945.51,289.04,211.08,500.90,1,-1,-1,-1
89,8,1665.86,228.16,224.37,633.39,1,-1,-1,-1
89,14,305.91,451.83,103.57,263.96,1,-1,-1,-1
90,1,1415.97,320.30,224.58,535.38,1,-1,-1,-1
90,2,1313.01,535.62,51.87,130.64,1,-1,-1,-1
90,3,1338.02,459.17,81.83,205.12,1,-1,-1,-1
90,4,454.12,426.01,118.75,294.65,1,-1,-1,-1
90,5,953.14,292.39,208.29,493.58,1,-1,-1,-1
90,8,1662.35,227.25,228.91,643.33,1,-1,-1,-1
90,14,313.93,462.03,98.27,250.80,1,-1,-1,-1
91,1,1406.12,320.59,227.47,545.04,1,-1,-1,-1
91,2,1313.98,536.53,51.29,128.88,1,-1,-1,-1
91,3,1336.59,459.12,81.48,204.34,1,-1,-1,-1
91,4,456.12,428.62,119.32,293.96,1,-1,-1,-1
91,5,968.99,296.98,206.85,485.59,1,-1,-1,-1
91,8,1659.99,229.60,230.86,645.71,1,-1,-1,-1
91,14,312.96,454.70,101.96,260.97,1,-1,-1,-1
92,1,1400.62,316.14,230.46,551.25,1,-1,-1,-1
92,2,1313.83,536.21,51.45,128.89,1,-1,-1,-1
92,3,1335.65,461.74,80.18,202.06,1,-1,-1,-1
92,4,456.78,429.61,120.17,295.62,1,-1,-1,-1
92,5,975.59,300.00,207.97,485.41,1,-1,-1,-1
92,8,1651.47,222.06,232.52,647.13,1,-1,-1,-1
92,14,316.63,457.28,100.39,258.76,1,-1,-1,-1
93,1,1390.11,309.22,232.45,559.40,1,-1,-1,-1
93,2,1313.00,537.42,51.05,127.57,1,-1,-1,-1
93,3,1335.06,462.06,78.84,199.88,1,-1,-1,-1
93,4,457.68,420.78,120.97,298.19,1,-1,-1,-1
93,5,983.68,303.07,209.53,484.13,1,-1,-1,-1
93,8,1648.26,225.17,235.17,649.51,1,-1,-1,-1
93,14,319.94,461.61,98.29,254.54,1,-1,-1,-1
94,1,1381.66,311.17,234.62,561.10,1,-1,-1,-1
94,2,1313.04,537.20,50.87,127.09,1,-1,-1,-1
94,3,1335.33,463.49,78.04,199.75,1,-1,-1,-1
94,4,460.04,420.04,119.03,293.88,1,-1,-1,-1
94,5,993.30,310.16,205.32,469.13,1,-1,-1,-1
94,8,1644.74,227.74,235.68,647.01,1,-1,-1,-1
94,14,321.95,463.27,97.70,252.25,1,-1,-1,-1
95,1,1371.33,308.71,234.32,562.91,1,-1,-1,-1
95,2,1312.59,537.11,51.73,129.57,1,-1,-1,-1
95,3,1332.23,461.35,76.21,199.72,1,-1,-1,-1
95,4,464.27,422.44,116.70,290.19,1,-1,-1,-1
95,5,1005.20,314.77,204.22,462.95,1,-1,-1,-1
95,8,1635.38,227.47,238.25,648.56,1,-1,-1,-1
95,14,324.03,463.88,97.22,250.73,1,-1,-1,-1
96,1,1367.55,314.37,234.31,565.44,1,-1,-1,-1
96,2,1311.58,535.76,52.43,131.82,1,-1,-1,-1
96,3,1332.21,462.52,73.95,196.42,1,-1,-1,-1
96,4,466.91,424.03,116.86,292.76,1,-1,-1,-1
96,5,1013.71,313.03,206.10,466.21,1,-1,-1,-1
96,8,1630.12,228.73,241.51,654.32,1,-1,-1,-1
96,14,325.09,461.43,97.58,252.15,1,-1,-1,-1
97,1,1366.86,317.88,231.31,560.38,1,-1,-1,-1
97,2,1312.25,535.25,51.92,130.71,1,-1,-1,-1
97,3,1333.93,463.62,73.04,194.53,1,-1,-1,-1
97,4,466.58,421.33,118.73,298.99,1,-1,-1,-1
97,5,1028.20,315.64,201.32,455.58,1,-1,-1,-1
97,8,1621.79,229.25,246.44,666.91,1,-1,-1,-1
97,14,325.35,455.88,100.43,260.62,1,-1,-1,-1
98,1,1363.20,318.58,228.87,559.63,1,-1,-1,-1
98,2,1311.92,534.39,52.23,131.59,1,-1,-1,-1
98,3,1335.56,465.35,71.45,190.53,1,-1,-1,-1
98,4,467.24,417.70,119.03,300.01,1,-1,-1,-1
98,5,1041.94,315.19,198.70,451.74,1,-1,-1,-1
98,8,1616.61,222.29,246.02,666.37,1,-1,-1,-1
98,14,326.70,451.85,102.75,267.71,1,-1,-1,-1
99,1,1360.90,320.82,226.24,556.62,1,-1,-1,-1
99,2,1311.87,535.39,51.56,129.95,1,-1,-1,-1
99,3,1334.84,466.64,71.56,191.08,1,-1,-1,-1
99,4,466.46,415.01,119.71,301.68,1,-1,-1,-1
99,5,1047.55,314.95,196.46,448.48,1,-1,-1,-1
99,8,1610.81,220.30,245.87,665.99,1,-1,-1,-1
99,14,326.86,449.67,103.52,271.05,1,-1,-1,-1
100,1,1355.88,317.71,225.39,556.07,1,-1,-1,-1
100,2,1311.86,535.11,51.29,129.31,1,-1,-1,-1
100,3,1333.86,463.11,73.04,195.32,1,-1,-1,-1
100,4,464.91,412.70,121.01,304.24,1,-1,-1,-1
100,5,1054.57,313.46,194.26,448.78,1,-1,-1,-1
100,8,1604.84,216.97,249.00,676.25,1,-1,-1,-1
100,14,326.61,446.25,104.90,276.20,1,-1,-1,-1
101,1,1353.09,315.21,226.60,560.42,1,-1,-1,-1
101,2,1311.58,535.01,51.08,129.08,1,-1,-1,-1
101,3,1333.50,465.07,72.32,194.29,1,-1,-1,-1
101,4,464.21,410.55,121.60,304.52,1,-1,-1,-1
101,5,1067.18,311.53,191.99,449.04,1,-1,-1,-1
101,8,1598.69,210.52,250.35,680.02,1,-1,-1,-1
101,14,327.26,445.63,105.07,277.45,1,-1,-1,-1
102,1,1349.44,319.54,226.03,559.39,1,-1,-1,-1
102,2,1311.57,535.64,51.49,130.31,1,-1,-1,-1
102,3,1331.60,465.81,70.95,191.93,1,-1,-1,-1
102,4,464.40,410.43,121.46,301.94,1,-1,-1,-1
102,5,1077.36,308.77,191.42,451.27,1,-1,-1,-1
102,8,1591.20,208.12,250.31,680.66,1,-1,-1,-1
102,14,331.14,446.10,103.58,273.93,1,-1,-1,-1
103,1,1336.75,308.66,236.28,582.68,1,-1,-1,-1
103,2,1311.54,535.88,51.06,129.46,1,-1,-1,-1
103,3,1325.89,470.73,67.15,185.74,1,-1,-1,-1
103,4,464.12,411.10,121.33,300.26,1,-1,-1,-1
103,5,1088.90,317.00,188.25,443.60,1,-1,-1,-1
103,8,1582.81,202.69,251.81,684.70,1,-1,-1,-1
103,14,333.69,445.01,103.35,274.47,1,-1,-1,-1
104,1,1331.86,313.69,233.49,578.36,1,-1,-1,-1
104,2,1312.01,535.97,51.27,129.80,1,-1,-1,-1
104,3,1325.19,453.07,72.34,205.64,1,-1,-1,-1
104,4,464.76,409.40,123.02,303.56,1,-1,-1,-1
104,5,1102.28,320.09,186.12,436.14,1,-1,-1,-1
104,8,1577.03,202.68,251.32,683.49,1,-1,-1,-1
104,14,336.06,445.95,102.28,272.66,1,-1,-1,-1
105,1,1330.07,313.08,232.67,578.45,1,-1,-1,-1
105,2,1311.34,537.32,51.06,129.27,1,-1,-1,-1
105,3,1323.90,451.82,72.74,206.77,1,-1,-1,-1
105,4,464.46,410.77,124.01,306.10,1,-1,-1,-1
105,5,1109.41,328.54,184.22,428.82,1,-1,-1,-1
105,8,1570.78,198.82,251.69,684.86,1,-1,-1,-1
105,14,337.81,447.01,101.96,272.57,1,-1,-1,-1
106,1,1327.70,309.58,231.52,577.07,1,-1,-1,-1
106,2,1311.77,537.17,52.26,131.72,1,-1,-1,-1
106,4,465.69,411.33,123.57,305.06,1,-1,-1,-1
106,5,1119.12,332.28,184.64,428.94,1,-1,-1,-1
106,8,1566.71,203.37,251.00,683.30,1,-1,-1,-1
106,14,338.53,448.76,100.92,269.87,1,-1,-1,-1
107,1,1318.44,302.34,237.64,594.90,1,-1,-1,-1
107,2,1311.73,537.31,52.34,131.93,1,-1,-1,-1
107,4,465.59,412.23,123.82,303.96,1,-1,-1,-1
107,5,1125.58,330.91,184.33,428.46,1,-1,-1,-1
107,8,1561.55,201.89,253.09,689.19,1,-1,-1,-1
107,14,339.46,448.79,101.02,270.13,1,-1,-1,-1
108,1,1307.19,287.94,241.40,604.77,1,-1,-1,-1
108,4,466.70,415.23,122.85,302.20,1,-1,-1,-1
108,5,1135.34,334.97,180.75,421.09,1,-1,-1,-1
108,8,1556.44,201.39,256.58,703.15,1,-1,-1,-1
108,14,340.61,450.13,100.63,268.89,1,-1,-1,-1
109,1,1304.60,290.25,240.38,605.83,1,-1,-1,-1
109,4,466.80,417.70,122.40,300.85,1,-1,-1,-1
109,5,1145.55,331.04,180.19,420.48,1,-1,-1,-1
109,8,1549.94,203.21,256.23,704.43,1,-1,-1,-1
109,14,342.31,451.98,99.81,267.08,1,-1,-1,-1
110,1,1298.97,284.05,246.42,623.74,1,-1,-1,-1
110,4,466.30,417.97,123.25,303.64,1,-1,-1,-1
110,5,1154.98,330.19,176.01,415.05,1,-1,-1,-1
110,8,1541.77,205.29,256.02,705.41,1,-1,-1,-1
110,14,343.28,453.34,100.03,267.71,1,-1,-1,-1
111,1,1290.49,272.04,250.65,634.94,1,-1,-1,-1
111,4,466.40,414.12,124.91,309.29,1,-1,-1,-1
111,5,1162.71,327.13,175.28,419.18,1,-1,-1,-1
111,8,1537.68,202.84,256.29,707.62,1,-1,-1,-1
111,14,344.40,451.86,100.45,269.93,1,-1,-1,-1
112,1,1280.85,278.53,249.11,629.33,1,-1,-1,-1
112,4,465.50,412.65,124.75,310.10,1,-1,-1,-1
112,5,1168.59,321.99,172.36,415.51,1,-1,-1,-1
112,8,1532.55,195.37,258.01,714.91,1,-1,-1,-1
112,14,345.54,451.30,100.40,270.76,1,-1,-1,-1
113,1,1273.79,285.81,251.00,632.13,1,-1,-1,-1
113,4,463.03,411.44,124.27,309.71,1,-1,-1,-1
113,5,1173.95,321.35,170.20,415.57,1,-1,-1,-1
113,8,1524.86,206.99,253.48,701.82,1,-1,-1,-1
113,14,345.34,441.86,105.48,283.59,1,-1,-1,-1
114,1,1259.14,274.24,254.44,636.95,1,-1,-1,-1
114,4,459.38,411.66,123.56,308.21,1,-1,-1,-1
114,5,1179.44,321.77,165.79,409.71,1,-1,-1,-1
114,8,1519.73,215.51,252.57,698.61,1,-1,-1,-1
114,14,347.90,444.16,103.34,279.30,1,-1,-1,-1
115,1,1252.08,276.44,255.83,634.70,1,-1,-1,-1
115,4,457.50,409.11,124.94,312.89,1,-1,-1,-1
115,5,1180.29,329.28,161.21,402.95,1,-1,-1,-1
115,8,1514.65,217.38,252.35,697.35,1,-1,-1,-1
115,14,346.37,444.47,103.42,280.81,1,-1,-1,-1
116,1,1247.65,283.96,257.70,634.30,1,-1,-1,-1
116,4,455.80,408.83,123.51,312.01,1,-1,-1,-1
116,5,1184.27,336.75,160.26,404.57,1,-1,-1,-1
116,8,1503.36,210.13,260.18,719.30,1,-1,-1,-1
116,14,345.37,443.29,104.21,283.97,1,-1,-1,-1
117,1,1235.35,284.91,261.70,637.29,1,-1,-1,-1
117,4,454.18,408.09,121.66,310.30,1,-1,-1,-1
117,5,1190.84,338.40,159.18,401.84,1,-1,-1,-1
117,8,1493.47,202.18,262.35,726.15,1,-1,-1,-1
117,14,345.14,442.21,104.80,286.43,1,-1,-1,-1
118,1,1219.81,280.06,266.37,643.55,1,-1,-1,-1
118,4,452.08,405.18,122.65,314.26,1,-1,-1,-1
118,8,1486.60,197.81,263.88,731.28,1,-1,-1,-1
118,14,343.26,439.86,106.54,291.25,1,-1,-1,-1
119,1,1208.79,277.60,269.67,647.12,1,-1,-1,-1
119,4,451.60,404.77,122.47,314.40,1,-1,-1,-1
119,8,1477.72,185.03,270.20,751.45,1,-1,-1,-1
119,14,343.14,441.60,105.97,289.77,1,-1,-1,-1
120,1,1208.26,283.92,273.97,656.21,1,-1,-1,-1
120,4,450.03,403.99,121.94,313.77,1,-1,-1,-1
120,8,1474.93,179.58,273.75,766.12,1,-1,-1,-1
120,14,342.32,442.97,105.91,289.78,1,-1,-1,-1
121,1,1196.79,280.49,279.01,664.76,1,-1,-1,-1
121,4,448.51,404.39,121.68,313.49,1,-1,-1,-1
121,8,1467.59,167.82,277.04,781.98,1,-1,-1,-1
121,14,341.14,442.19,106.92,291.70,1,-1,-1,-1
122,1,1186.08,271.36,282.30,671.80,1,-1,-1,-1
122,4,447.43,404.56,122.02,314.68,1,-1,-1,-1
122,8,1463.63,160.14,279.00,792.41,1,-1,-1,-1
122,14,340.60,441.26,107.45,292.38,1,-1,-1,-1
123,1,1173.19,262.67,288.55,687.39,1,-1,-1,-1
123,4,445.69,404.65,123.55,318.41,1,-1,-1,-1
123,8,1456.70,144.31,285.11,815.67,1,-1,-1,-1
123,14,340.03,438.95,107.70,293.24,1,-1,-1,-1
124,1,1159.98,254.21,295.63,700.32,1,-1,-1,-1
124,4,445.07,404.05,124.14,319.13,1,-1,-1,-1
124,8,1452.21,157.12,282.37,812.71,1,-1,-1,-1
124,14,338.44,439.40,107.24,292.21,1,-1,-1,-1
125,1,1148.58,250.39,299.13,708.99,1,-1,-1,-1
125,4,443.37,406.47,124.73,320.03,1,-1,-1,-1
125,8,1445.18,161.70,281.85,815.71,1,-1,-1,-1
125,14,337.17,435.65,107.72,293.74,1,-1,-1,-1
126,1,1140.82,263.35,295.40,700.37,1,-1,-1,-1
126,4,442.71,409.38,125.06,320.33,1,-1,-1,-1
126,8,1436.53,156.39,286.11,830.30,1,-1,-1,-1
126,14,336.42,433.59,108.44,295.60,1,-1,-1,-1
127,1,1125.69,255.36,297.86,708.56,1,-1,-1,-1
127,4,442.81,409.18,125.22,321.07,1,-1,-1,-1
127,8,1429.01,159.00,287.43,834.96,1,-1,-1,-1
127,14,335.86,431.53,108.63,296.26,1,-1,-1,-1
128,1,1121.31,254.36,295.32,702.98,1,-1,-1,-1
128,4,442.26,405.14,126.53,325.27,1,-1,-1,-1
128,8,1418.52,160.77,287.87,834.48,1,-1,-1,-1
128,14,335.29,430.13,108.75,296.47,1,-1,-1,-1
129,1,1117.46,248.14,298.74,710.47,1,-1,-1,-1
129,4,441.52,404.27,126.83,326.82,1,-1,-1,-1
129,8,1413.05,161.55,286.13,828.75,1,-1,-1,-1
129,14,332.91,429.65,111.18,303.75,1,-1,-1,-1
130,1,1113.88,251.76,295.64,709.22,1,-1,-1,-1
130,4,441.31,400.01,128.82,333.28,1,-1,-1,-1
130,8,1408.25,156.66,286.76,831.55,1,-1,-1,-1
130,14,329.29,425.58,112.32,306.46,1,-1,-1,-1
131,1,1104.56,247.99,299.13,719.72,1,-1,-1,-1
131,4,441.02,397.76,128.09,331.77,1,-1,-1,-1
131,5,1325.39,350.14,135.28,359.06,1,-1,-1,-1
131,8,1399.43,158.81,289.63,836.35,1,-1,-1,-1
131,14,327.39,427.33,113.81,309.40,1,-1,-1,-1
132,1,1102.36,255.12,294.35,711.13,1,-1,-1,-1
132,4,440.89,395.62,129.19,335.05,1,-1,-1,-1
132,5,1331.76,351.04,129.55,353.91,1,-1,-1,-1
132,8,1392.95,162.32,288.21,832.73,1,-1,-1,-1
132,14,325.42,428.70,115.59,313.07,1,-1,-1,-1
133,1,1090.87,265.23,294.65,716.18,1,-1,-1,-1
133,4,442.15,394.18,129.00,335.59,1,-1,-1,-1
133,5,1340.15,352.01,128.37,350.70,1,-1,-1,-1
133,8,1377.13,145.28,296.43,854.18,1,-1,-1,-1
133,14,323.85,427.96,118.61,320.29,1,-1,-1,-1
134,1,1079.00,265.11,299.83,729.79,1,-1,-1,-1
134,4,442.22,392.36,129.78,339.01,1,-1,-1,-1
134,8,1367.74,144.79,298.94,860.15,1,-1,-1,-1
134,14,322.37,427.05,119.63,322.32,1,-1,-1,-1
135,1,1080.15,269.63,302.08,739.40,1,-1,-1,-1
135,4,440.38,393.02,129.90,338.95,1,-1,-1,-1
135,8,1358.29,133.58,302.29,870.71,1,-1,-1,-1
135,14,322.08,428.04,119.50,321.04,1,-1,-1,-1
136,1,1065.31,236.74,307.95,763.16,1,-1,-1,-1
136,4,438.65,391.35,130.70,342.14,1,-1,-1,-1
136,8,1349.00,133.32,302.35,871.26,1,-1,-1,-1
136,14,321.62,425.82,120.20,321.76,1,-1,-1,-1
137,1,1055.34,244.94,306.90,766.87,1,-1,-1,-1
137,4,437.47,391.41,130.76,343.30,1,-1,-1,-1
137,8,1342.70,135.32,302.51,871.20,1,-1,-1,-1
137,14,320.96,423.04,121.48,323.93,1,-1,-1,-1
138,1,1038.57,228.68,313.29,787.59,1,-1,-1,-1
138,4,437.01,393.44,129.53,341.70,1,-1,-1,-1
138,8,1332.88,136.20,301.51,868.98,1,-1,-1,-1
138,14,323.03,417.42,122.61,325.99,1,-1,-1,-1
138,16,18.94,379.41,128.57,567.05,1,-1,-1,-1
139,1,1032.33,238.75,315.21,789.45,1,-1,-1,-1
139,4,437.66,392.93,129.43,342.35,1,-1,-1,-1
139,8,1324.23,132.68,302.99,873.20,1,-1,-1,-1
139,14,323.53,412.70,123.66,329.32,1,-1,-1,-1
139,16,26.45,368.93,133.40,580.19,1,-1,-1,-1
140,1,1021.08,221.92,315.37,789.83,1,-1,-1,-1
140,4,437.83,396.71,127.62,338.59,1,-1,-1,-1
140,5,1323.04,532.47,55.07,151.64,1,-1,-1,-1
140,8,1316.16,122.23,304.47,877.26,1,-1,-1,-1
140,14,320.18,410.95,125.26,333.79,1,-1,-1,-1
140,16,32.94,375.60,131.93,560.31,1,-1,-1,-1
141,1,1015.32,227.33,311.05,780.53,1,-1,-1,-1
141,4,437.67,398.18,128.07,340.43,1,-1,-1,-1
141,5,1325.03,547.99,48.53,133.63,1,-1,-1,-1
141,8,1305.00,118.35,306.66,882.58,1,-1,-1,-1
141,14,316.57,409.70,126.62,337.38,1,-1,-1,-1
141,16,22.53,323.89,148.48,623.30,1,-1,-1,-1
142,1,1008.65,236.78,309.14,774.06,1,-1,-1,-1
142,4,438.05,399.39,128.72,342.41,1,-1,-1,-1
142,8,1299.11,122.90,306.74,883.12,1,-1,-1,-1
142,14,314.36,409.94,127.52,339.32,1,-1,-1,-1
142,16,17.69,292.86,158.80,659.37,1,-1,-1,-1
143,1,981.10,217.35,326.10,822.22,1,-1,-1,-1
143,4,437.91,399.19,129.55,345.76,1,-1,-1,-1
143,8,1290.94,118.84,311.34,896.97,1,-1,-1,-1
143,14,312.72,414.02,126.87,336.69,1,-1,-1,-1
143,16,17.61,283.23,165.35,676.83,1,-1,-1,-1
144,1,971.21,208.90,332.00,839.99,1,-1,-1,-1
144,4,437.79,399.10,130.03,347.65,1,-1,-1,-1
144,8,1279.09,109.53,314.74,905.33,1,-1,-1,-1
144,14,310.61,413.67,127.67,337.56,1,-1,-1,-1
144,16,18.71,267.60,173.20,697.39,1,-1,-1,-1
145,1,955.29,199.22,335.17,850.52,1,-1,-1,-1
145,4,438.73,398.41,128.93,345.04,1,-1,-1,-1
145,8,1269.06,102.80,319.06,918.81,1,-1,-1,-1
145,14,309.63,413.58,128.40,337.82,1,-1,-1,-1
145,16,27.04,254.87,180.36,710.59,1,-1,-1,-1
146,1,943.08,195.61,334.86,851.64,1,-1,-1,-1
146,4,438.61,388.23,133.44,357.86,1,-1,-1,-1
146,8,1258.67,108.84,318.70,916.57,1,-1,-1,-1
146,14,307.54,409.63,130.87,343.12,1,-1,-1,-1
146,16,43.48,270.03,181.21,686.35,1,-1,-1,-1
147,1,941.32,211.35,332.18,844.52,1,-1,-1,-1
147,4,439.10,383.15,135.35,363.26,1,-1,-1,-1
147,8,1247.69,103.43,324.63,933.84,1,-1,-1,-1
147,14,306.09,411.43,130.56,341.13,1,-1,-1,-1
147,16,55.01,278.05,182.81,666.63,1,-1,-1,-1
148,1,926.20,211.65,336.54,854.56,1,-1,-1,-1
148,4,440.30,385.79,133.42,357.44,1,-1,-1,-1
148,8,1241.30,107.34,327.93,944.76,1,-1,-1,-1
148,14,303.87,414.15,130.55,340.28,1,-1,-1,-1
148,16,75.12,278.13,190.68,666.10,1,-1,-1,-1
149,1,918.13,217.71,336.30,853.56,1,-1,-1,-1
149,4,441.28,383.58,134.91,360.35,1,-1,-1,-1
149,8,1233.42,102.42,329.54,951.97,1,-1,-1,-1
149,14,302.24,413.24,132.20,344.52,1,-1,-1,-1
149,16,86.74,273.77,198.04,669.63,1,-1,-1,-1
150,1,903.68,213.56,336.06,858.77,1,-1,-1,-1
150,4,440.76,386.07,136.58,363.36,1,-1,-1,-1
150,8,1228.48,105.85,327.37,946.62,1,-1,-1,-1
150,14,301.76,412.90,132.63,346.07,1,-1,-1,-1
150,16,105.02,277.65,201.37,654.88,1,-1,-1,-1
151,1,891.81,210.06,336.27,862.49,1,-1,-1,-1
151,4,442.79,383.12,136.65,362.47,1,-1,-1,-1
151,8,1222.65,116.47,324.51,937.04,1,-1,-1,-1
151,14,298.36,405.57,137.99,361.04,1,-1,-1,-1
151,16,125.91,287.46,207.91,624.93,1,-1,-1,-1
151,17,7.52,368.32,233.05,563.81,1,-1,-1,-1
152,1,889.80,201.56,339.27,857.10,1,-1,-1,-1
152,4,444.50,389.93,134.77,356.13,1,-1,-1,-1
152,8,1213.10,121.23,324.17,933.84,1,-1,-1,-1
152,14,297.20,408.65,137.23,358.22,1,-1,-1,-1
152,16,137.23,293.44,219.86,616.84,1,-1,-1,-1
152,17,24.62,375.32,225.90,549.29,1,-1,-1,-1
153,1,877.93,196.42,344.35,862.04,1,-1,-1,-1
153,4,446.85,391.90,135.27,356.97,1,-1,-1,-1
153,8,1200.34,109.85,331.69,952.94,1,-1,-1,-1
153,14,297.02,393.52,146.33,387.15,1,-1,-1,-1
153,16,148.34,301.09,230.82,614.58,1,-1,-1,-1
153,17,56.53,367.27,222.88,544.98,1,-1,-1,-1
154,1,866.06,188.64,351.17,872.93,1,-1,-1,-1
154,4,448.75,386.70,136.66,359.23,1,-1,-1,-1
154,8,1182.91,87.93,342.58,979.62,1,-1,-1,-1
154,14,295.57,391.26,148.29,392.35,1,-1,-1,-1
154,16,112.16,341.41,212.95,569.71,1,-1,-1,-1
154,17,133.54,321.65,247.16,594.58,1,-1,-1,-1
155,1,841.43,184.48,355.34,886.71,1,-1,-1,-1
155,4,448.17,386.05,137.07,360.06,1,-1,-1,-1
155,5,1458.75,367.21,120.36,323.65,1,-1,-1,-1
155,8,1174.83,80.26,346.21,986.37,1,-1,-1,-1
155,16,166.17,319.69,228.28,593.97,1,-1,-1,-1
155,17,114.27,347.56,232.28,562.60,1,-1,-1,-1
156,1,824.18,167.33,363.49,907.44,1,-1,-1,-1
156,4,452.32,384.51,139.62,364.95,1,-1,-1,-1
156,5,1463.79,363.70,123.97,328.41,1,-1,-1,-1
156,8,1161.95,63.05,352.74,1001.76,1,-1,-1,-1
156,16,201.61,302.91,236.25,608.34,1,-1,-1,-1
156,17,137.85,350.77,225.78,547.38,1,-1,-1,-1
157,1,809.60,164.14,364.40,914.50,1,-1,-1,-1
157,4,454.50,384.60,141.28,368.07,1,-1,-1,-1
157,5,1465.63,361.38,127.66,333.77,1,-1,-1,-1
157,8,1157.90,61.83,351.45,992.39,1,-1,-1,-1
157,16,215.67,295.20,238.32,615.21,1,-1,-1,-1
157,17,142.61,363.04,222.64,540.67,1,-1,-1,-1
158,1,800.67,166.36,363.70,908.43,1,-1,-1,-1
158,4,455.70,386.63,142.37,370.53,1,-1,-1,-1
158,5,1469.75,363.18,126.74,328.94,1,-1,-1,-1
158,8,1155.90,54.36,357.81,1007.48,1,-1,-1,-1
158,16,181.40,349.04,218.76,559.81,1,-1,-1,-1
158,17,209.31,318.20,239.07,585.61,1,-1,-1,-1
159,1,780.61,151.64,368.03,926.13,1,-1,-1,-1
159,4,457.65,386.11,143.63,372.06,1,-1,-1,-1
159,5,1473.88,361.06,128.31,328.57,1,-1,-1,-1
159,8,1150.83,49.73,365.36,1023.42,1,-1,-1,-1
159,16,235.43,318.00,227.68,589.01,1,-1,-1,-1
159,17,182.36,362.46,222.16,543.35,1,-1,-1,-1
160,1,771.11,165.11,359.19,912.41,1,-1,-1,-1
160,4,464.58,387.24,143.44,371.27,1,-1,-1,-1
160,5,1477.82,361.05,129.50,329.48,1,-1,-1,-1
160,8,1137.64,53.36,367.11,1024.70,1,-1,-1,-1
160,16,267.93,294.27,225.62,592.39,1,-1,-1,-1
160,17,173.34,369.91,218.65,536.23,1,-1,-1,-1
161,1,764.83,154.08,360.74,925.20,1,-1,-1,-1
161,4,468.46,385.05,144.70,374.85,1,-1,-1,-1
161,5,1483.56,363.17,129.96,327.08,1,-1,-1,-1
161,8,1133.62,53.65,370.75,1026.17,1,-1,-1,-1
161,16,300.22,302.34,222.17,585.83,1,-1,-1,-1
161,17,192.43,387.38,207.60,507.42,1,-1,-1,-1
162,1,759.36,171.63,352.54,908.24,1,-1,-1,-1
162,4,469.00,384.88,144.89,378.13,1,-1,-1,-1
162,5,1490.95,362.99,130.11,328.43,1,-1,-1,-1
162,8,1113.71,46.69,374.65,1033.67,1,-1,-1,-1
162,16,320.29,301.55,223.61,592.70,1,-1,-1,-1
162,17,207.55,391.02,205.04,503.77,1,-1,-1,-1
163,1,738.90,160.71,355.38,919.28,1,-1,-1,-1
163,4,469.35,381.56,149.75,395.05,1,-1,-1,-1
163,5,1500.70,356.72,130.61,331.94,1,-1,-1,-1
163,8,1103.74,47.46,372.89,1021.21,1,-1,-1,-1
163,16,342.64,302.62,222.20,590.02,1,-1,-1,-1
163,17,225.26,391.52,202.91,499.29,1,-1,-1,-1
164,1,730.35,158.00,355.65,921.98,1,-1,-1,-1
164,4,400.08,336.36,197.86,520.32,1,-1,-1,-1
164,5,1499.42,355.78,132.68,336.30,1,-1,-1,-1
164,8,1096.00,37.37,382.69,1038.58,1,-1,-1,-1
164,16,441.12,358.10,173.91,465.77,1,-1,-1,-1
164,17,241.37,389.53,199.29,494.52,1,-1,-1,-1
165,1,725.55,159.71,353.82,912.30,1,-1,-1,-1
165,4,389.49,322.80,215.21,556.10,1,-1,-1,-1
165,5,1504.62,354.99,131.13,331.99,1,-1,-1,-1
165,8,1086.42,39.58,387.10,1039.05,1,-1,-1,-1
165,16,485.91,366.69,166.65,451.01,1,-1,-1,-1
165,17,264.66,396.75,193.03,484.92,1,-1,-1,-1
166,1,705.97,162.45,353.91,914.39,1,-1,-1,-1
166,4,395.23,315.15,225.74,573.74,1,-1,-1,-1
166,5,1506.45,366.67,128.27,318.95,1,-1,-1,-1
166,8,1068.73,34.03,394.41,1045.55,1,-1,-1,-1
166,16,502.40,356.73,172.46,465.38,1,-1,-1,-1
166,17,289.05,383.08,192.99,495.14,1,-1,-1,-1
167,1,697.53,164.88,355.57,913.76,1,-1,-1,-1
167,4,340.50,349.78,207.43,537.78,1,-1,-1,-1
167,5,1510.80,362.19,128.38,316.95,1,-1,-1,-1
167,8,1276.25,312.97,187.83,503.70,1,-1,-1,-1
167,16,453.57,312.68,211.44,555.70,1,-1,-1,-1
167,17,306.09,384.10,191.41,491.08,1,-1,-1,-1
168,1,684.19,169.82,353.64,902.19,1,-1,-1,-1
168,4,327.50,363.14,201.76,529.01,1,-1,-1,-1
168,5,1513.98,369.21,128.80,314.78,1,-1,-1,-1
168,8,1066.68,72.37,366.95,967.10,1,-1,-1,-1
168,16,454.03,305.26,217.63,566.23,1,-1,-1,-1
169,1,665.42,159.80,362.05,916.95,1,-1,-1,-1
169,4,336.43,384.46,188.52,494.88,1,-1,-1,-1
169,5,1516.73,372.68,129.30,311.86,1,-1,-1,-1
169,8,1021.66,31.59,399.45,1037.85,1,-1,-1,-1
169,16,458.87,304.97,218.66,567.79,1,-1,-1,-1
170,1,640.38,135.07,374.40,942.78,1,-1,-1,-1
170,3,1383.60,446.94,85.59,236.03,1,-1,-1,-1
170,4,346.23,398.84,184.73,479.63,1,-1,-1,-1
170,5,1517.73,378.74,128.37,306.02,1,-1,-1,-1
170,8,993.73,12.50,417.21,1070.17,1,-1,-1,-1
170,16,465.87,297.19,215.85,562.96,1,-1,-1,-1
171,1,612.76,138.80,375.65,940.09,1,-1,-1,-1
171,3,1383.83,446.34,86.96,236.06,1,-1,-1,-1
171,4,359.88,392.83,188.88,483.72,1,-1,-1,-1
171,5,1523.59,381.13,127.16,300.41,1,-1,-1,-1
171,8,1200.06,339.30,194.21,501.81,1,-1,-1,-1
171,16,481.40,294.36,210.18,555.67,1,-1,-1,-1
172,1,589.67,126.62,383.66,952.64,1,-1,-1,-1
172,3,1385.48,446.56,87.02,236.23,1,-1,-1,-1
172,4,368.36,396.49,189.67,478.52,1,-1,-1,-1
172,5,1525.32,379.41,128.51,302.26,1,-1,-1,-1
172,8,1355.07,432.15,106.01,274.00,1,-1,-1,-1
172,16,505.55,290.80,218.55,582.48,1,-1,-1,-1
173,1,573.68,126.71,383.82,949.38,1,-1,-1,-1
173,4,376.05,387.27,192.54,479.59,1,-1,-1,-1
173,5,1530.36,378.80,127.80,300.95,1,-1,-1,-1
173,8,1388.23,446.94,91.08,236.65,1,-1,-1,-1
173,14,342.98,401.27,150.47,393.34,1,-1,-1,-1
173,16,521.28,286.32,225.05,609.81,1,-1,-1,-1
173,24,938.60,0.11,449.85,1078.89,1,-1,-1,-1
174,1,548.59,130.87,381.56,947.27,1,-1,-1,-1
174,4,401.06,400.25,191.00,473.91,1,-1,-1,-1
174,5,1531.78,376.62,128.08,301.10,1,-1,-1,-1
174,8,1395.68,450.98,87.16,228.26,1,-1,-1,-1
174,14,347.58,404.88,150.36,393.92,1,-1,-1,-1
174,16,536.11,282.36,227.75,617.13,1,-1,-1,-1
174,24,921.71,-0.36,450.57,1080.12,1,-1,-1,-1
174,25,1334.00,543.50,60.32,147.32,1,-1,-1,-1
175,1,537.66,125.34,384.04,950.27,1,-1,-1,-1
175,4,422.87,410.50,185.70,460.32,1,-1,-1,-1
175,5,1536.42,367.23,130.17,308.42,1,-1,-1,-1
175,8,1396.19,447.45,87.94,231.40,1,-1,-1,-1
175,14,352.78,401.80,150.78,396.13,1,-1,-1,-1
175,24,910.61,-0.41,450.45,1080.42,1,-1,-1,-1
175,25,1335.25,544.66,59.24,144.19,1,-1,-1,-1
176,1,515.61,114.80,390.37,958.51,1,-1,-1,-1
176,4,427.40,412.89,186.07,461.22,1,-1,-1,-1
176,5,1541.99,369.00,128.91,307.87,1,-1,-1,-1
176,8,1392.95,443.76,90.47,238.50,1,-1,-1,-1
176,14,359.57,397.29,153.70,402.30,1,-1,-1,-1
176,24,899.42,-0.37,449.92,1080.45,1,-1,-1,-1
176,25,1337.89,545.03,58.84,142.38,1,-1,-1,-1
177,1,503.03,106.99,396.43,970.05,1,-1,-1,-1
177,5,1545.79,369.77,128.64,310.25,1,-1,-1,-1
177,8,1391.88,440.85,91.49,240.77,1,-1,-1,-1
177,14,363.89,390.92,155.00,407.24,1,-1,-1,-1
177,24,889.11,-0.31,449.56,1080.40,1,-1,-1,-1
177,25,1339.37,544.40,59.60,143.27,1,-1,-1,-1
178,1,484.65,106.13,398.85,969.70,1,-1,-1,-1
178,5,1551.17,373.40,126.23,305.20,1,-1,-1,-1
178,8,1393.58,443.14,90.74,239.28,1,-1,-1,-1
178,14,366.33,389.88,155.55,409.71,1,-1,-1,-1
178,24,875.92,-0.26,448.10,1080.35,1,-1,-1,-1
178,25,1340.88,543.47,61.29,146.42,1,-1,-1,-1
179,1,462.44,113.21,401.10,964.11,1,-1,-1,-1
179,5,1555.34,376.18,124.62,301.23,1,-1,-1,-1
179,8,1396.34,446.60,89.28,235.66,1,-1,-1,-1
179,14,372.00,385.55,157.88,421.19,1,-1,-1,-1
179,24,873.77,-0.22,447.32,1076.20,1,-1,-1,-1
179,25,1342.40,543.14,62.54,148.93,1,-1,-1,-1
180,1,442.69,118.04,405.34,959.19,1,-1,-1,-1
180,5,1563.61,385.22,118.89,287.10,1,-1,-1,-1
180,8,1396.98,448.41,88.48,233.30,1,-1,-1,-1
180,14,380.32,378.72,163.84,437.24,1,-1,-1,-1
180,24,846.27,-0.19,446.59,1078.05,1,-1,-1,-1
180,25,1344.06,543.02,63.38,150.52,1,-1,-1,-1
181,1,406.23,148.37,407.38,930.12,1,-1,-1,-1
181,5,1562.49,383.25,122.03,295.95,1,-1,-1,-1
181,8,1399.68,450.31,87.80,231.34,1,-1,-1,-1
181,14,384.41,376.48,165.58,441.89,1,-1,-1,-1
181,16,833.08,14.38,392.96,1053.92,1,-1,-1,-1
181,24,833.76,-0.49,446.64,1078.18,1,-1,-1,-1
181,25,1346.45,543.64,63.37,149.74,1,-1,-1,-1
182,1,367.30,156.63,415.11,922.33,1,-1,-1,-1
182,4,646.46,291.73,224.13,569.15,1,-1,-1,-1
182,5,1565.76,385.18,121.60,295.85,1,-1,-1,-1
182,8,1400.65,450.89,88.03,232.22,1,-1,-1,-1
182,16,848.59,-2.96,409.09,1082.74,1,-1,-1,-1
182,25,1347.56,544.55,63.46,149.42,1,-1,-1,-1
183,1,340.65,121.03,435.16,958.10,1,-1,-1,-1
183,4,676.05,289.33,214.85,560.94,1,-1,-1,-1
183,5,1570.22,385.90,119.28,290.53,1,-1,-1,-1
183,8,1400.44,446.96,89.72,236.77,1,-1,-1,-1
183,16,845.67,-9.28,416.91,1094.50,1,-1,-1,-1
183,25,1348.55,544.23,64.20,150.61,1,-1,-1,-1
183,27,4.74,197.15,166.53,829.62,1,-1,-1,-1
184,1,312.25,96.11,446.62,976.53,1,-1,-1,-1
184,4,688.26,296.55,208.19,548.88,1,-1,-1,-1
184,5,1577.71,386.14,117.77,287.20,1,-1,-1,-1
184,8,1401.54,446.12,89.85,237.24,1,-1,-1,-1
184,16,832.93,-4.83,417.44,1087.37,1,-1,-1,-1
184,25,1350.25,543.43,64.35,150.38,1,-1,-1,-1
184,27,24.61,152.54,179.51,881.58,1,-1,-1,-1
184,28,1438.18,423.45,72.19,226.40,1,-1,-1,-1
185,1,283.36,72.21,459.05,1001.19,1,-1,-1,-1
185,4,702.28,297.68,202.27,543.29,1,-1,-1,-1
185,5,1583.43,386.88,115.70,282.66,1,-1,-1,-1
185,8,1400.55,445.08,91.19,240.88,1,-1,-1,-1
185,16,819.85,-5.51,422.44,1090.33,1,-1,-1,-1
185,25,1350.84,543.80,64.37,150.27,1,-1,-1,-1
185,27,37.49,150.43,186.14,894.74,1,-1,-1,-1
185,28,1437.72,421.46,71.92,225.78,1,-1,-1,-1
186,1,244.81,73.65,458.95,998.09,1,-1,-1,-1
186,4,719.62,310.78,190.25,521.31,1,-1,-1,-1
186,5,1588.14,383.79,116.11,283.03,1,-1,-1,-1
186,8,1400.50,443.33,91.58,241.65,1,-1,-1,-1
186,16,794.29,4.97,424.01,1074.66,1,-1,-1,-1
186,25,1353.05,545.26,62.93,146.23,1,-1,-1,-1
186,27,53.75,160.29,191.09,886.46,1,-1,-1,-1
186,28,1441.56,420.86,71.08,222.69,1,-1,-1,-1
187,1,202.58,77.79,459.48,993.99,1,-1,-1,-1
187,4,738.63,306.39,191.17,523.84,1,-1,-1,-1
187,5,1592.68,384.63,115.69,280.56,1,-1,-1,-1
187,8,1400.82,443.96,90.92,238.70,1,-1,-1,-1
187,16,778.38,-3.77,432.29,1087.35,1,-1,-1,-1
187,25,1354.83,545.82,63.04,146.02,1,-1,-1,-1
187,27,64.36,173.85,193.37,857.30,1,-1,-1,-1
187,28,1441.22,422.88,73.23,228.23,1,-1,-1,-1
188,1,165.40,76.29,464.83,1000.12,1,-1,-1,-1
188,4,672.19,377.59,159.30,435.69,1,-1,-1,-1
188,5,1594.79,380.27,118.35,285.69,1,-1,-1,-1
188,8,1400.87,443.51,92.00,240.33,1,-1,-1,-1
188,16,756.74,-1.57,436.34,1081.25,1,-1,-1,-1
188,25,1356.64,546.68,63.32,147.28,1,-1,-1,-1
188,27,64.55,165.19,197.48,838.52,1,-1,-1,-1
188,28,1443.48,424.99,74.66,231.56,1,-1,-1,-1
189,1,136.15,87.70,457.57,990.47,1,-1,-1,-1
189,4,672.61,388.25,152.01,418.81,1,-1,-1,-1
189,5,1597.78,378.00,118.60,283.01,1,-1,-1,-1
189,8,1400.06,442.00,92.67,240.98,1,-1,-1,-1
189,16,751.98,-5.30,440.55,1088.24,1,-1,-1,-1
189,25,1358.73,545.67,64.46,150.41,1,-1,-1,-1
189,27,48.02,176.36,202.44,837.51,1,-1,-1,-1
189,28,1438.51,433.28,76.35,236.17,1,-1,-1,-1
190,1,94.72,80.35,462.00,998.48,1,-1,-1,-1
190,4,681.56,392.52,149.09,410.78,1,-1,-1,-1
190,5,1599.97,379.81,118.22,280.03,1,-1,-1,-1
190,8,1398.87,442.08,92.60,239.29,1,-1,-1,-1
190,14,536.92,371.41,158.97,416.63,1,-1,-1,-1
190,16,743.20,-6.29,423.18,1023.46,1,-1,-1,-1
190,25,1361.09,545.94,64.92,152.24,1,-1,-1,-1
190,27,54.50,164.75,205.46,850.02,1,-1,-1,-1
190,28,1439.01,434.89,76.79,237.51,1,-1,-1,-1
191,1,48.49,80.97,462.99,998.10,1,-1,-1,-1
191,5,1602.86,385.16,116.92,273.63,1,-1,-1,-1
191,8,1400.18,442.76,92.96,240.03,1,-1,-1,-1
191,14,549.13,368.61,161.71,418.35,1,-1,-1,-1
191,16,711.90,-5.92,439.50,1054.67,1,-1,-1,-1
191,25,1363.96,543.41,64.97,153.58,1,-1,-1,-1
191,35,1474.62,418.53,76.77,240.01,1,-1,-1,-1
192,1,37.68,96.49,464.49,978.04,1,-1,-1,-1
192,2,1472.38,421.04,87.14,241.97,1,-1,-1,-1
192,5,1604.60,388.52,116.12,269.94,1,-1,-1,-1
192,8,1400.78,442.35,93.46,241.01,1,-1,-1,-1
192,14,553.23,372.45,162.34,418.84,1,-1,-1,-1
192,16,693.47,-5.64,447.58,1069.71,1,-1,-1,-1
192,25,1366.34,539.81,66.21,156.69,1,-1,-1,-1
192,35,1479.40,418.98,77.58,242.56,1,-1,-1,-1
193,1,33.13,107.17,469.26,966.95,1,-1,-1,-1
193,2,1477.12,420.85,83.62,238.45,1,-1,-1,-1
193,5,1608.83,392.42,115.73,267.98,1,-1,-1,-1
193,8,1401.54,442.84,93.19,240.09,1,-1,-1,-1
193,14,556.85,375.90,161.52,415.01,1,-1,-1,-1
193,16,664.42,-5.15,450.92,1073.02,1,-1,-1,-1
193,25,1367.35,541.07,65.69,156.55,1,-1,-1,-1
193,36,487.07,391.33,134.61,421.02,1,-1,-1,-1
194,1,22.31,112.51,474.72,964.79,1,-1,-1,-1
194,2,1481.47,422.95,81.58,236.61,1,-1,-1,-1
194,4,575.76,375.34,151.83,417.36,1,-1,-1,-1
194,5,1613.11,395.17,114.58,264.66,1,-1,-1,-1
194,8,1401.69,441.03,94.60,242.42,1,-1,-1,-1
194,14,512.35,385.93,160.30,418.92,1,-1,-1,-1
194,16,640.76,-4.58,456.33,1079.60,1,-1,-1,-1
194,25,1369.51,539.60,65.71,157.77,1,-1,-1,-1
194,36,490.08,390.24,135.01,422.26,1,-1,-1,-1
195,1,14.01,113.16,479.73,965.33,1,-1,-1,-1
195,2,1486.17,423.20,79.78,236.50,1,-1,-1,-1
195,4,517.98,382.10,155.27,428.80,1,-1,-1,-1
195,5,1616.82,396.15,114.97,264.18,1,-1,-1,-1
195,8,1405.52,437.06,98.09,251.89,1,-1,-1,-1
195,14,535.75,380.36,162.31,425.02,1,-1,-1,-1
195,16,619.89,-4.08,462.25,1080.32,1,-1,-1,-1
195,25,1372.81,537.74,65.86,158.86,1,-1,-1,-1
196,1,100.57,169.65,415.20,852.34,1,-1,-1,-1
196,2,1488.82,423.34,79.09,236.42,1,-1,-1,-1
196,4,507.56,390.39,151.68,420.28,1,-1,-1,-1
196,5,1618.44,395.13,115.70,266.74,1,-1,-1,-1
196,8,1409.06,436.87,97.09,250.89,1,-1,-1,-1
196,14,541.58,380.62,162.67,425.96,1,-1,-1,-1
196,16,595.98,-3.61,464.86,1067.65,1,-1,-1,-1
196,25,1376.38,537.71,65.75,157.93,1,-1,-1,-1
197,1,-7.32,113.55,450.47,946.30,1,-1,-1,-1
197,2,1491.64,420.79,79.60,239.67,1,-1,-1,-1
197,4,499.78,395.49,151.12,412.46,1,-1,-1,-1
197,5,1620.08,394.71,115.64,267.10,1,-1,-1,-1
197,8,1409.73,436.16,97.32,252.44,1,-1,-1,-1
197,16,569.03,2.12,467.35,1035.28,1,-1,-1,-1
197,25,1379.42,539.70,65.47,156.23,1,-1,-1,-1
198,1,-39.52,98.68,448.19,962.36,1,-1,-1,-1
198,2,1493.88,421.84,78.53,236.92,1,-1,-1,-1
198,4,488.51,397.91,149.86,409.03,1,-1,-1,-1
198,5,1623.29,393.19,115.48,266.62,1,-1,-1,-1
198,8,1409.85,433.93,98.89,256.95,1,-1,-1,-1
198,16,770.42,215.85,301.35,679.97,1,-1,-1,-1
198,25,1380.88,541.79,65.24,154.89,1,-1,-1,-1
198,38,207.21,214.90,383.58,761.24,1,-1,-1,-1
199,1,-72.65,81.01,441.13,983.82,1,-1,-1,-1
199,2,1498.54,422.30,77.56,234.50,1,-1,-1,-1
199,5,1625.71,389.93,116.04,267.82,1,-1,-1,-1
199,8,1410.85,438.33,98.12,252.76,1,-1,-1,-1
199,16,861.83,308.86,226.71,517.06,1,-1,-1,-1
199,25,1384.66,540.60,66.46,157.03,1,-1,-1,-1
199,38,227.33,207.49,391.32,781.00,1,-1,-1,-1
200,1,-80.98,97.87,417.73,967.77,1,-1,-1,-1
200,2,1501.59,423.17,77.67,234.23,1,-1,-1,-1
200,4,311.29,252.72,258.41,694.82,1,-1,-1,-1
200,5,1626.77,388.69,116.39,268.31,1,-1,-1,-1
200,8,1411.84,439.40,97.83,250.43,1,-1,-1,-1
200,16,898.59,320.98,210.80,485.68,1,-1,-1,-1
200,25,1387.78,542.13,64.66,153.21,1,-1,-1,-1
200,38,259.71,215.85,384.16,766.71,1,-1,-1,-1
200,40,461.36,0.00,532.23,1077.34,1,-1,-1,-1
201,1,57.30,197.90,333.24,791.28,1,-1,-1,-1
201,2,1508.31,423.52,77.63,234.79,1,-1,-1,-1
201,4,289.05,225.65,278.41,750.22,1,-1,-1,-1
201,5,1629.53,387.56,116.19,269.19,1,-1,-1,-1
201,8,1414.69,439.80,97.28,247.56,1,-1,-1,-1
201,16,928.76,330.66,203.18,469.07,1,-1,-1,-1
201,25,1392.66,542.72,65.04,155.73,1,-1,-1,-1
201,40,448.95,0.00,533.23,1079.56,1,-1,-1,-1
202,1,131.28,250.68,287.76,689.53,1,-1,-1,-1
202,2,1513.14,422.36,78.04,236.98,1,-1,-1,-1
202,4,296.25,196.75,314.04,814.01,1,-1,-1,-1
202,5,1634.36,389.12,114.26,265.58,1,-1,-1,-1
202,8,1415.92,438.63,98.00,247.80,1,-1,-1,-1
202,16,954.12,334.67,200.90,463.93,1,-1,-1,-1
202,25,1397.28,540.97,65.33,157.31,1,-1,-1,-1
202,40,417.22,0.00,536.97,1080.23,1,-1,-1,-1
203,1,171.59,263.68,265.75,647.37,1,-1,-1,-1
203,2,1519.02,423.25,78.42,237.14,1,-1,-1,-1
203,4,258.39,209.91,308.70,796.26,1,-1,-1,-1
203,5,1637.70,393.71,112.26,261.57,1,-1,-1,-1
203,8,1419.80,436.86,101.23,256.49,1,-1,-1,-1
203,16,964.14,344.42,197.58,450.25,1,-1,-1,-1
203,25,1400.63,540.95,65.32,157.90,1,-1,-1,-1
203,40,380.03,0.00,540.82,1080.38,1,-1,-1,-1
203,43,4.00,216.52,177.78,759.77,1,-1,-1,-1
204,1,179.62,278.17,253.29,617.03,1,-1,-1,-1
204,2,1524.69,424.27,78.64,236.52,1,-1,-1,-1
204,4,216.99,234.02,284.09,740.29,1,-1,-1,-1
204,5,1640.65,393.42,113.19,263.45,1,-1,-1,-1
204,8,1423.11,436.21,101.25,257.12,1,-1,-1,-1
204,16,967.51,339.58,201.45,458.13,1,-1,-1,-1
204,25,1403.95,540.30,64.95,157.45,1,-1,-1,-1
204,40,340.29,0.00,543.37,1080.39,1,-1,-1,-1
204,43,5.34,240.06,168.61,720.60,1,-1,-1,-1
205,2,1527.98,422.03,81.43,242.22,1,-1,-1,-1
205,4,209.25,244.40,260.48,688.40,1,-1,-1,-1
205,5,1643.25,390.64,114.98,268.15,1,-1,-1,-1
205,8,1425.09,434.65,101.66,258.64,1,-1,-1,-1
205,16,972.32,337.52,204.09,465.01,1,-1,-1,-1
205,25,1406.40,538.07,66.81,161.89,1,-1,-1,-1
205,40,311.28,0.00,550.98,1080.35,1,-1,-1,-1
206,2,1535.20,421.85,83.34,244.34,1,-1,-1,-1
206,4,183.78,234.83,267.12,705.97,1,-1,-1,-1
206,5,1647.71,392.88,113.08,264.02,1,-1,-1,-1
206,8,1428.09,436.70,100.45,254.59,1,-1,-1,-1
206,14,860.20,410.25,153.51,384.41,1,-1,-1,-1
206,16,981.13,343.84,200.53,458.03,1,-1,-1,-1
206,25,1409.61,537.89,66.68,162.23,1,-1,-1,-1
206,40,260.79,5.45,553.29,1074.16,1,-1,-1,-1
207,1,257.52,20.81,448.43,1044.16,1,-1,-1,-1
207,2,1540.96,423.77,84.33,242.50,1,-1,-1,-1
207,5,1650.36,395.06,112.84,264.45,1,-1,-1,-1
207,8,1428.53,436.84,101.89,254.99,1,-1,-1,-1
207,14,875.19,411.38,159.69,386.31,1,-1,-1,-1
207,16,986.58,336.02,202.93,468.72,1,-1,-1,-1
207,17,-40.03,354.05,215.51,657.76,1,-1,-1,-1
207,25,1411.71,537.84,66.61,162.99,1,-1,-1,-1
207,40,233.13,6.30,553.05,1073.70,1,-1,-1,-1
208,1,239.16,-1.78,482.59,1080.70,1,-1,-1,-1
208,2,1545.28,422.54,86.69,243.73,1,-1,-1,-1
208,5,1654.23,399.83,111.41,261.32,1,-1,-1,-1
208,8,1429.60,432.94,103.79,259.09,1,-1,-1,-1
208,14,886.86,420.53,158.01,372.63,1,-1,-1,-1
208,16,997.54,336.36,197.79,462.16,1,-1,-1,-1
208,17,-35.08,330.28,213.02,707.37,1,-1,-1,-1
208,25,1413.77,539.80,65.82,161.93,1,-1,-1,-1
209,1,192.03,-5.29,505.60,1089.14,1,-1,-1,-1
209,2,1551.90,421.43,87.77,242.85,1,-1,-1,-1
209,5,1659.31,397.62,110.69,259.50,1,-1,-1,-1
209,8,1430.02,428.20,106.96,268.48,1,-1,-1,-1
209,14,898.47,421.78,157.52,371.07,1,-1,-1,-1
209,16,1013.19,340.20,194.55,460.33,1,-1,-1,-1
209,17,-28.08,288.54,224.21,776.73,1,-1,-1,-1
209,25,1416.00,540.56,65.68,162.82,1,-1,-1,-1
210,1,151.19,-7.48,524.57,1092.79,1,-1,-1,-1
210,2,1557.32,423.00,87.28,238.53,1,-1,-1,-1
210,5,1663.78,396.76,109.69,257.52,1,-1,-1,-1
210,8,1432.14,425.77,108.01,272.02,1,-1,-1,-1
210,14,907.09,419.43,155.77,371.98,1,-1,-1,-1
210,16,1025.74,340.01,193.58,464.81,1,-1,-1,-1
210,17,-23.78,256.03,220.38,788.93,1,-1,-1,-1
210,25,1417.70,540.20,65.68,163.80,1,-1,-1,-1
210,46,656.67,384.13,187.86,417.83,1,-1,-1,-1
211,1,96.28,-8.85,536.46,1093.07,1,-1,-1,-1
211,2,1560.79,424.94,87.13,236.87,1,-1,-1,-1
211,4,275.50,129.58,365.14,903.36,1,-1,-1,-1
211,5,1668.46,397.08,110.36,257.48,1,-1,-1,-1
211,8,1437.72,425.52,107.23,270.71,1,-1,-1,-1
211,14,919.13,407.75,154.61,377.80,1,-1,-1,-1
211,16,1038.82,340.41,188.78,459.43,1,-1,-1,-1
211,17,14.84,187.66,261.24,880.79,1,-1,-1,-1
211,25,1420.23,540.06,65.65,164.14,1,-1,-1,-1
211,46,662.16,379.20,194.84,433.26,1,-1,-1,-1
212,1,46.53,-8.03,539.50,1092.73,1,-1,-1,-1
212,2,1563.24,420.36,89.04,240.23,1,-1,-1,-1
212,4,349.43,137.70,346.32,848.81,1,-1,-1,-1
212,5,1670.82,396.51,111.13,258.17,1,-1,-1,-1
212,8,1439.72,422.85,109.01,275.38,1,-1,-1,-1
212,14,931.64,403.35,149.41,372.07,1,-1,-1,-1
212,16,1053.76,326.23,186.61,459.81,1,-1,-1,-1
212,17,8.54,176.64,266.45,898.36,1,-1,-1,-1
212,25,1421.88,536.06,66.71,168.20,1,-1,-1,-1
212,46,669.18,384.76,195.56,433.13,1,-1,-1,-1
212,47,503.13,238.75,282.62,686.11,1,-1,-1,-1
213,1,5.96,-7.66,535.29,1092.19,1,-1,-1,-1
213,2,1567.60,419.97,89.81,240.82,1,-1,-1,-1
213,4,461.76,201.93,307.61,752.72,1,-1,-1,-1
213,5,1670.65,395.62,110.62,257.14,1,-1,-1,-1
213,8,1442.76,427.09,105.63,266.66,1,-1,-1,-1
213,14,943.21,400.33,145.48,368.64,1,-1,-1,-1
213,16,1064.66,320.87,183.50,456.89,1,-1,-1,-1
213,25,1424.66,533.90,66.54,168.40,1,-1,-1,-1
213,46,666.83,372.53,208.25,463.28,1,-1,-1,-1
213,47,526.47,252.06,272.91,662.54,1,-1,-1,-1
214,1,-27.83,-8.80,525.34,1093.57,1,-1,-1,-1
214,2,1575.59,419.84,88.26,237.08,1,-1,-1,-1
214,4,512.37,233.41,287.53,701.76,1,-1,-1,-1
214,5,1677.45,400.58,107.05,248.16,1,-1,-1,-1
214,8,1446.36,428.80,104.53,263.84,1,-1,-1,-1
214,14,953.31,399.90,143.82,370.13,1,-1,-1,-1
214,16,1077.45,316.12,184.61,462.78,1,-1,-1,-1
214,25,1428.29,533.09,67.06,169.76,1,-1,-1,-1
214,46,658.83,363.53,220.71,494.56,1,-1,-1,-1
215,1,-48.12,0.42,507.25,1083.49,1,-1,-1,-1
215,2,1584.50,421.13,86.13,232.33,1,-1,-1,-1
215,4,541.48,244.76,278.42,677.27,1,-1,-1,-1
215,5,1682.51,398.42,107.13,246.14,1,-1,-1,-1
215,8,1451.67,426.81,106.64,270.71,1,-1,-1,-1
215,14,961.12,396.44,145.26,378.74,1,-1,-1,-1
215,16,1088.59,321.62,182.69,459.85,1,-1,-1,-1
215,25,1431.51,534.11,66.67,168.27,1,-1,-1,-1
215,46,682.60,364.13,210.16,478.47,1,-1,-1,-1
215,49,382.07,269.53,253.95,627.25,1,-1,-1,-1
216,1,-39.68,13.09,493.82,1070.15,1,-1,-1,-1
216,2,1592.56,421.64,85.49,231.89,1,-1,-1,-1
216,4,558.75,252.94,277.46,669.73,1,-1,-1,-1
216,5,1685.98,398.27,109.06,248.14,1,-1,-1,-1
216,8,1453.75,426.08,109.04,276.52,1,-1,-1,-1
216,14,972.43,395.17,145.20,378.05,1,-1,-1,-1
216,16,1098.98,333.64,179.22,448.97,1,-1,-1,-1
216,25,1434.57,539.15,65.27,163.71,1,-1,-1,-1
216,46,685.96,355.82,210.83,487.22,1,-1,-1,-1
216,49,404.49,274.32,247.32,616.52,1,-1,-1,-1
217,1,-37.89,19.80,482.08,1062.91,1,-1,-1,-1
217,2,1597.03,420.50,86.55,235.73,1,-1,-1,-1
217,4,581.31,271.39,260.96,627.99,1,-1,-1,-1
217,5,1685.99,399.53,109.43,246.94,1,-1,-1,-1
217,8,1459.62,431.69,104.82,265.00,1,-1,-1,-1
217,14,979.82,394.72,147.04,384.43,1,-1,-1,-1
217,16,1106.38,325.32,183.23,458.56,1,-1,-1,-1
217,25,1437.89,542.41,64.83,161.95,1,-1,-1,-1
217,46,698.39,358.14,203.52,478.25,1,-1,-1,-1
217,49,425.22,278.45,238.82,601.08,1,-1,-1,-1
218,1,-35.77,14.87,476.98,1067.39,1,-1,-1,-1
218,2,1600.63,421.40,86.02,234.55,1,-1,-1,-1
218,4,596.34,273.45,261.78,628.85,1,-1,-1,-1
218,5,1688.00,399.99,110.57,247.88,1,-1,-1,-1
218,8,1462.19,436.59,104.29,263.08,1,-1,-1,-1
218,14,987.65,395.90,146.61,380.26,1,-1,-1,-1
218,16,1115.93,321.58,184.30,460.85,1,-1,-1,-1
218,25,1440.66,544.28,64.72,161.29,1,-1,-1,-1
218,46,694.41,341.18,210.92,501.70,1,-1,-1,-1
218,49,439.40,280.98,235.24,599.08,1,-1,-1,-1
219,1,-18.47,45.40,457.38,1031.91,1,-1,-1,-1
219,2,1607.13,421.09,86.99,236.75,1,-1,-1,-1
219,4,615.63,278.15,256.21,621.22,1,-1,-1,-1
219,5,1690.27,402.80,110.40,245.62,1,-1,-1,-1
219,8,1463.39,433.08,106.71,268.34,1,-1,-1,-1
219,14,997.10,402.36,146.23,374.68,1,-1,-1,-1
219,16,1125.55,322.76,183.70,461.86,1,-1,-1,-1
219,17,187.95,308.76,222.64,687.87,1,-1,-1,-1
219,25,1445.25,543.64,63.99,161.05,1,-1,-1,-1
219,46,698.17,336.81,214.66,510.60,1,-1,-1,-1
219,49,461.66,282.66,229.64,590.00,1,-1,-1,-1
220,1,-59.43,54.31,430.36,1011.51,1,-1,-1,-1
220,2,1612.32,421.64,86.12,234.29,1,-1,-1,-1
220,4,634.07,280.43,248.42,609.85,1,-1,-1,-1
220,5,1691.17,403.17,111.97,248.14,1,-1,-1,-1
220,8,1466.81,435.04,104.14,261.76,1,-1,-1,-1
220,14,1005.14,406.81,144.08,368.61,1,-1,-1,-1
220,16,1134.36,327.15,180.20,456.41,1,-1,-1,-1
220,17,120.61,181.15,296.99,858.51,1,-1,-1,-1
220,25,1448.57,543.37,63.64,160.30,1,-1,-1,-1
220,49,478.20,284.11,229.56,594.08,1,-1,-1,-1
221,1,-6.42,124.37,377.86,895.74,1,-1,-1,-1
221,2,1619.35,421.86,86.47,232.69,1,-1,-1,-1
221,4,654.33,260.86,245.67,613.34,1,-1,-1,-1
221,5,1692.97,403.95,108.11,237.88,1,-1,-1,-1
221,8,1466.36,427.79,109.04,275.85,1,-1,-1,-1
221,14,1014.36,401.13,144.51,369.72,1,-1,-1,-1
221,16,1144.87,334.76,176.23,447.15,1,-1,-1,-1
221,17,179.79,227.68,286.40,792.70,1,-1,-1,-1
221,25,1453.11,542.59,63.99,160.69,1,-1,-1,-1
221,46,742.28,344.71,194.45,465.46,1,-1,-1,-1
221,49,498.34,291.19,224.37,579.45,1,-1,-1,-1
222,1,-8.69,129.83,374.21,887.08,1,-1,-1,-1
222,2,1624.81,421.94,88.50,234.75,1,-1,-1,-1
222,4,682.76,266.35,243.04,603.44,1,-1,-1,-1
222,5,1694.68,400.84,112.36,248.14,1,-1,-1,-1
222,8,1472.90,429.04,105.78,268.66,1,-1,-1,-1
222,14,1026.58,399.67,142.21,366.86,1,-1,-1,-1
222,16,1154.90,338.89,171.66,436.46,1,-1,-1,-1
222,17,199.78,251.34,289.21,750.77,1,-1,-1,-1
222,25,1456.95,542.95,63.59,159.52,1,-1,-1,-1
222,46,749.68,342.03,195.51,467.98,1,-1,-1,-1
222,49,511.71,301.66,223.07,569.24,1,-1,-1,-1
223,2,1627.19,423.29,89.52,234.22,1,-1,-1,-1
223,4,692.76,272.43,244.56,610.73,1,-1,-1,-1
223,5,1696.83,397.10,114.01,252.49,1,-1,-1,-1
223,8,1475.91,429.56,104.00,266.40,1,-1,-1,-1
223,14,1038.43,403.12,133.87,342.56,1,-1,-1,-1
223,16,1162.77,341.01,168.21,428.63,1,-1,-1,-1
223,17,220.36,254.11,280.54,720.80,1,-1,-1,-1
223,25,1459.34,542.41,63.97,161.07,1,-1,-1,-1
223,49,523.89,300.24,224.88,571.63,1,-1,-1,-1
224,1,119.53,281.58,295.44,702.45,1,-1,-1,-1
224,2,1632.52,420.50,93.81,239.97,1,-1,-1,-1
224,4,718.32,276.62,248.16,614.23,1,-1,-1,-1
224,5,1700.18,396.96,112.67,250.24,1,-1,-1,-1
224,8,1476.01,427.12,104.51,270.18,1,-1,-1,-1
224,14,1044.59,397.62,138.26,356.61,1,-1,-1,-1
224,16,1162.87,345.07,163.01,417.20,1,-1,-1,-1
224,17,237.56,269.51,283.52,703.86,1,-1,-1,-1
224,25,1462.52,542.20,64.58,162.32,1,-1,-1,-1
224,49,538.29,309.63,223.98,562.03,1,-1,-1,-1
225,1,233.36,284.12,285.80,670.28,1,-1,-1,-1
225,2,1636.60,419.45,96.84,242.12,1,-1,-1,-1
225,4,738.49,277.47,249.63,609.06,1,-1,-1,-1
225,5,1702.55,395.60,113.70,253.34,1,-1,-1,-1
225,8,1480.65,428.85,102.55,266.98,1,-1,-1,-1
225,14,1054.06,404.94,134.86,347.69,1,-1,-1,-1
225,16,1171.32,345.79,161.65,416.57,1,-1,-1,-1
225,17,193.45,287.33,271.94,672.09,1,-1,-1,-1
225,25,1464.50,542.11,65.01,163.46,1,-1,-1,-1
225,49,549.25,311.42,225.79,558.95,1,-1,-1,-1
226,1,258.20,291.67,290.44,682.39,1,-1,-1,-1
226,2,1644.07,419.71,98.19,240.96,1,-1,-1,-1
226,4,752.52,276.38,251.80,609.24,1,-1,-1,-1
226,5,1707.93,395.75,112.16,251.22,1,-1,-1,-1
226,8,1481.68,422.90,107.04,280.97,1,-1,-1,-1
226,14,1064.10,411.14,133.66,343.01,1,-1,-1,-1
226,16,1180.47,348.66,159.86,410.50,1,-1,-1,-1
226,17,188.96,297.20,267.12,659.41,1,-1,-1,-1
226,25,1467.94,543.39,65.48,164.54,1,-1,-1,-1
226,49,561.71,308.42,225.18,560.91,1,-1,-1,-1
227,1,301.76,284.19,286.49,672.51,1,-1,-1,-1
227,2,1649.23,420.48,98.92,241.15,1,-1,-1,-1
227,4,759.60,267.95,254.23,610.76,1,-1,-1,-1
227,5,1712.83,395.16,110.27,249.08,1,-1,-1,-1
227,8,1488.04,423.95,105.70,280.29,1,-1,-1,-1
227,14,1072.85,416.09,134.38,342.06,1,-1,-1,-1
227,16,1186.86,349.63,157.88,405.11,1,-1,-1,-1
227,17,205.54,311.48,262.85,642.31,1,-1,-1,-1
227,25,1471.13,545.19,65.60,163.63,1,-1,-1,-1
227,49,571.63,302.40,221.20,556.56,1,-1,-1,-1
228,1,329.89,282.66,282.82,670.06,1,-1,-1,-1
228,2,1653.67,422.76,97.73,236.59,1,-1,-1,-1
228,4,768.01,265.41,256.23,611.43,1,-1,-1,-1
228,5,1718.44,400.25,105.13,239.66,1,-1,-1,-1
228,8,1494.07,427.03,103.11,275.35,1,-1,-1,-1
228,14,1079.67,415.20,134.05,342.47,1,-1,-1,-1
228,16,1191.81,350.57,156.69,402.66,1,-1,-1,-1
228,17,223.85,306.89,266.53,640.66,1,-1,-1,-1
228,25,1475.76,545.20,65.84,163.93,1,-1,-1,-1
228,49,587.49,296.60,216.29,549.89,1,-1,-1,-1
229,1,359.39,287.74,278.11,674.76,1,-1,-1,-1
229,2,1663.86,420.31,97.69,237.49,1,-1,-1,-1
229,4,779.61,271.73,256.08,607.14,1,-1,-1,-1
229,5,1724.36,402.19,103.34,238.80,1,-1,-1,-1
229,8,1498.63,425.59,101.97,272.07,1,-1,-1,-1
229,14,1084.70,414.15,134.85,342.73,1,-1,-1,-1
229,16,1198.47,350.83,158.05,404.63,1,-1,-1,-1
229,17,247.75,305.71,262.61,632.34,1,-1,-1,-1
229,25,1479.95,541.89,69.37,171.95,1,-1,-1,-1
229,49,607.80,300.36,218.06,557.79,1,-1,-1,-1
230,1,384.73,297.96,267.40,653.41,1,-1,-1,-1
230,2,1673.16,421.37,96.85,237.17,1,-1,-1,-1
230,4,791.10,283.42,251.78,596.97,1,-1,-1,-1
230,5,1730.33,402.89,100.85,235.86,1,-1,-1,-1
230,8,1502.17,425.06,102.27,271.48,1,-1,-1,-1
230,14,1090.68,417.70,131.53,334.93,1,-1,-1,-1
230,16,1207.95,354.19,156.65,403.53,1,-1,-1,-1
230,17,267.57,305.08,264.26,631.06,1,-1,-1,-1
230,25,1484.36,543.24,68.11,167.17,1,-1,-1,-1
230,49,624.43,301.66,209.41,538.95,1,-1,-1,-1
231,1,408.85,297.79,264.65,649.01,1,-1,-1,-1
231,2,1681.81,418.48,95.03,234.41,1,-1,-1,-1
231,4,803.91,283.76,247.22,590.59,1,-1,-1,-1
231,5,1737.09,405.13,97.96,233.48,1,-1,-1,-1
231,8,1505.04,423.56,103.03,271.25,1,-1,-1,-1
231,14,1099.54,423.01,131.62,332.09,1,-1,-1,-1
231,16,1213.41,353.38,156.38,403.94,1,-1,-1,-1
231,17,291.48,314.13,249.67,604.71,1,-1,-1,-1
231,25,1490.23,543.12,67.54,163.89,1,-1,-1,-1
231,49,639.53,297.29,211.27,546.26,1,-1,-1,-1
232,1,437.97,300.76,258.84,634.41,1,-1,-1,-1
232,2,1687.40,418.05,93.15,232.03,1,-1,-1,-1
232,4,815.71,279.15,242.35,586.34,1,-1,-1,-1
232,5,1741.20,404.61,96.75,234.65,1,-1,-1,-1
232,8,1510.07,423.67,104.41,273.13,1,-1,-1,-1
232,14,1108.95,428.26,128.10,327.13,1,-1,-1,-1
232,16,1220.58,353.67,155.40,403.57,1,-1,-1,-1
232,17,311.99,313.92,243.11,598.77,1,-1,-1,-1
232,25,1493.19,539.74,69.50,169.29,1,-1,-1,-1
232,49,647.78,290.33,213.60,554.38,1,-1,-1,-1
233,1,454.77,302.13,259.82,633.77,1,-1,-1,-1
233,2,1690.57,418.57,93.76,235.82,1,-1,-1,-1
233,4,825.77,276.04,240.10,590.23,1,-1,-1,-1
233,5,1744.35,405.72,94.78,233.15,1,-1,-1,-1
233,8,1512.49,424.39,103.65,271.20,1,-1,-1,-1
233,14,1118.32,429.47,125.71,324.73,1,-1,-1,-1
233,16,1225.37,351.72,156.24,407.54,1,-1,-1,-1
233,17,345.43,311.01,250.01,618.63,1,-1,-1,-1
233,25,1496.03,539.15,70.48,171.93,1,-1,-1,-1
233,49,662.90,304.21,208.54,537.74,1,-1,-1,-1
234,1,471.96,298.99,263.83,642.77,1,-1,-1,-1
234,2,1697.92,420.74,91.81,229.99,1,-1,-1,-1
234,4,839.88,268.23,232.18,581.19,1,-1,-1,-1
234,5,1747.33,404.78,95.48,235.96,1,-1,-1,-1
234,8,1514.80,433.29,102.25,263.83,1,-1,-1,-1
234,14,1128.24,425.82,124.64,327.30,1,-1,-1,-1
234,16,1231.50,343.67,157.97,414.41,1,-1,-1,-1
234,17,357.24,314.52,245.18,614.11,1,-1,-1,-1
234,25,1501.11,538.94,69.79,170.31,1,-1,-1,-1
234,49,674.53,302.08,210.21,537.63,1,-1,-1,-1
235,1,485.41,293.61,264.74,643.11,1,-1,-1,-1
235,2,1703.57,418.92,95.46,238.44,1,-1,-1,-1
235,4,852.29,261.92,229.86,586.58,1,-1,-1,-1
235,5,1752.37,405.08,94.25,235.06,1,-1,-1,-1
235,8,1518.03,429.98,102.72,265.05,1,-1,-1,-1
235,14,1136.49,425.07,121.79,325.02,1,-1,-1,-1
235,16,1240.01,351.80,154.95,407.84,1,-1,-1,-1
235,17,368.46,307.05,237.13,608.69,1,-1,-1,-1
235,25,1506.11,536.23,73.65,175.58,1,-1,-1,-1
235,49,687.02,302.57,213.46,540.40,1,-1,-1,-1
236,1,502.23,302.04,260.23,629.60,1,-1,-1,-1
236,2,1714.06,411.71,100.63,246.77,1,-1,-1,-1
236,4,876.36,272.85,225.66,582.71,1,-1,-1,-1
236,5,1757.07,401.85,92.56,232.76,1,-1,-1,-1
236,8,1520.27,428.08,103.90,268.83,1,-1,-1,-1
236,14,1149.96,420.07,116.60,311.60,1,-1,-1,-1
236,16,1250.76,358.90,152.11,400.06,1,-1,-1,-1
236,17,387.50,311.52,236.01,612.93,1,-1,-1,-1
236,25,1511.70,539.14,73.95,171.67,1,-1,-1,-1
236,49,700.70,317.30,207.57,511.06,1,-1,-1,-1
237,1,515.67,309.69,256.99,625.61,1,-1,-1,-1
237,2,1721.02,411.57,102.16,246.04,1,-1,-1,-1
237,4,888.99,279.68,223.23,578.04,1,-1,-1,-1
237,5,1760.68,402.62,91.26,228.61,1,-1,-1,-1
237,8,1520.95,435.93,103.77,266.97,1,-1,-1,-1
237,14,1161.21,423.54,112.21,303.96,1,-1,-1,-1
237,16,1256.49,354.16,153.72,404.58,1,-1,-1,-1
237,17,420.35,317.10,239.50,609.38,1,-1,-1,-1
237,25,1515.00,538.97,76.02,172.08,1,-1,-1,-1
237,49,709.17,313.31,215.51,525.23,1,-1,-1,-1
238,1,528.59,308.96,253.68,613.08,1,-1,-1,-1
238,2,1723.96,413.52,102.31,243.73,1,-1,-1,-1
238,4,904.82,290.21,221.00,567.74,1,-1,-1,-1
238,5,1764.68,400.24,90.53,229.10,1,-1,-1,-1
238,8,1520.24,434.94,106.71,270.90,1,-1,-1,-1
238,14,1168.50,424.78,110.29,302.68,1,-1,-1,-1
238,16,1263.24,354.36,152.53,400.35,1,-1,-1,-1
238,17,433.53,321.79,241.27,600.92,1,-1,-1,-1
238,25,1519.72,537.60,78.78,174.85,1,-1,-1,-1
238,49,715.19,310.53,219.14,532.98,1,-1,-1,-1
239,1,554.00,309.81,241.08,582.55,1,-1,-1,-1
239,2,1727.45,416.28,100.34,240.17,1,-1,-1,-1
239,4,916.33,284.07,221.22,566.02,1,-1,-1,-1
239,5,1768.41,401.35,88.83,224.01,1,-1,-1,-1
239,8,1524.94,429.94,105.59,269.74,1,-1,-1,-1
239,14,1173.55,423.19,111.59,307.72,1,-1,-1,-1
239,16,1268.51,352.40,152.01,398.16,1,-1,-1,-1
239,17,454.13,326.78,238.62,593.27,1,-1,-1,-1
239,25,1525.25,537.75,79.23,173.91,1,-1,-1,-1
239,49,724.92,316.67,214.49,512.28,1,-1,-1,-1
240,1,565.32,309.20,246.26,594.26,1,-1,-1,-1
240,2,1737.37,416.68,97.12,232.84,1,-1,-1,-1
240,4,925.62,286.40,221.60,562.85,1,-1,-1,-1
240,5,1775.75,409.81,84.03,212.77,1,-1,-1,-1
240,8,1529.95,429.99,101.81,260.03,1,-1,-1,-1
240,14,1175.95,417.94,113.77,315.65,1,-1,-1,-1
240,16,1273.43,352.30,152.71,398.07,1,-1,-1,-1
240,17,460.78,327.20,233.65,581.28,1,-1,-1,-1
240,25,1531.97,539.80,78.39,171.54,1,-1,-1,-1
240,49,735.30,316.91,213.46,511.90,1,-1,-1,-1
241,1,590.40,303.57,244.52,593.92,1,-1,-1,-1
241,2,1743.93,416.53,96.87,232.23,1,-1,-1,-1
241,4,935.02,298.55,216.83,548.48,1,-1,-1,-1
241,5,1764.11,408.88,90.23,227.02,1,-1,-1,-1
241,8,1535.56,434.03,100.06,255.66,1,-1,-1,-1
241,14,1181.51,414.64,115.91,322.00,1,-1,-1,-1
241,16,1279.22,353.58,152.51,395.46,1,-1,-1,-1
241,17,474.96,327.23,233.18,585.12,1,-1,-1,-1
241,25,1540.56,539.26,79.51,173.26,1,-1,-1,-1
241,49,749.24,314.27,215.39,516.57,1,-1,-1,-1
242,1,590.76,305.99,252.34,594.82,1,-1,-1,-1
242,2,1771.35,405.87,92.92,225.63,1,-1,-1,-1
242,4,946.88,304.38,215.98,543.93,1,-1,-1,-1
242,5,1753.80,415.08,91.16,228.75,1,-1,-1,-1
242,8,1537.05,432.84,99.00,253.43,1,-1,-1,-1
242,14,1185.26,410.76,116.86,324.45,1,-1,-1,-1
242,16,1285.16,356.70,149.69,386.57,1,-1,-1,-1
242,17,494.09,329.83,225.47,572.73,1,-1,-1,-1
242,25,1546.55,538.40,80.62,175.22,1,-1,-1,-1
242,49,763.05,309.91,214.59,519.10,1,-1,-1,-1
243,1,598.80,313.47,257.30,586.77,1,-1,-1,-1
243,2,1759.29,413.10,93.10,226.18,1,-1,-1,-1
243,4,950.48,294.39,219.63,550.45,1,-1,-1,-1
243,5,1771.89,409.56,87.30,220.89,1,-1,-1,-1
243,8,1537.41,429.04,100.09,257.33,1,-1,-1,-1
243,14,1188.81,413.91,117.00,326.73,1,-1,-1,-1
243,16,1292.01,359.18,148.85,382.64,1,-1,-1,-1
243,17,510.12,328.68,220.27,569.65,1,-1,-1,-1
243,25,1551.71,537.42,80.79,175.28,1,-1,-1,-1
243,49,773.05,306.90,215.67,526.13,1,-1,-1,-1
244,1,623.13,317.50,265.22,588.06,1,-1,-1,-1
244,2,1765.66,412.78,92.67,225.13,1,-1,-1,-1
244,4,925.14,342.34,172.11,442.27,1,-1,-1,-1
244,5,1763.73,410.72,90.44,228.61,1,-1,-1,-1
244,8,1533.25,423.00,100.98,261.46,1,-1,-1,-1
244,14,1196.97,415.13,112.77,314.44,1,-1,-1,-1
244,16,1295.45,355.39,151.60,389.31,1,-1,-1,-1
244,17,534.40,330.86,208.57,551.35,1,-1,-1,-1
244,25,1558.92,539.03,81.14,174.62,1,-1,-1,-1
244,49,784.20,303.11,218.24,542.70,1,-1,-1,-1
245,1,646.24,321.54,266.66,580.77,1,-1,-1,-1
245,4,969.11,310.50,195.27,503.99,1,-1,-1,-1
245,5,1763.93,413.75,91.09,230.12,1,-1,-1,-1
245,8,1537.60,424.02,101.15,263.70,1,-1,-1,-1
245,14,1203.86,416.96,107.60,295.00,1,-1,-1,-1
245,16,1301.39,355.95,150.82,387.22,1,-1,-1,-1
245,17,550.37,324.15,199.77,542.76,1,-1,-1,-1
245,25,1561.66,537.67,82.81,177.65,1,-1,-1,-1
245,49,793.72,305.59,212.42,535.25,1,-1,-1,-1
246,1,668.25,330.94,263.67,568.26,1,-1,-1,-1
246,4,995.19,298.30,202.86,527.73,1,-1,-1,-1
246,5,1765.10,413.57,92.33,232.68,1,-1,-1,-1
246,8,1539.72,421.15,104.74,273.78,1,-1,-1,-1
246,14,1204.68,408.81,115.95,319.16,1,-1,-1,-1
246,16,1308.25,359.46,150.09,384.51,1,-1,-1,-1
246,17,571.46,331.07,193.15,539.89,1,-1,-1,-1
246,25,1568.75,539.13,82.12,174.85,1,-1,-1,-1
246,49,812.76,306.56,200.10,516.46,1,-1,-1,-1
247,1,684.70,332.28,261.18,562.53,1,-1,-1,-1
247,4,1009.25,299.94,201.81,529.49,1,-1,-1,-1
247,5,1768.05,414.78,91.65,231.02,1,-1,-1,-1
247,8,1542.19,423.99,109.13,282.77,1,-1,-1,-1
247,14,1212.38,409.88,115.76,320.36,1,-1,-1,-1
247,16,1311.79,362.09,148.71,380.23,1,-1,-1,-1
247,17,586.10,322.84,193.24,555.20,1,-1,-1,-1
247,25,1573.78,541.02,82.69,174.40,1,-1,-1,-1
247,49,826.39,305.59,194.86,515.40,1,-1,-1,-1
247,53,945.58,363.18,122.28,401.98,1,-1,-1,-1
248,1,696.45,327.26,261.52,560.67,1,-1,-1,-1
248,4,1018.81,294.00,203.07,534.20,1,-1,-1,-1
248,5,1772.61,414.55,91.65,230.37,1,-1,-1,-1
248,8,1537.45,421.88,108.44,282.31,1,-1,-1,-1
248,14,1215.36,407.72,115.80,318.86,1,-1,-1,-1
248,16,1311.08,363.70,145.77,374.04,1,-1,-1,-1
248,17,603.85,334.97,189.49,545.78,1,-1,-1,-1
248,25,1579.59,539.09,84.57,177.52,1,-1,-1,-1
248,49,907.40,351.73,159.14,428.70,1,-1,-1,-1
248,53,950.18,360.08,122.95,404.17,1,-1,-1,-1
